15/03/25 12:05:14,STARTING Spatial Logger v6.1,080A,FW,Apr 18 2024,12:28:18,5405,Err:0,10.53V,0,18h,7h
datetime,LOGGER_ID,WIRELESS_ID,motion_det,tempC,hum%,AMP1ADC,AMP2ADC,batV_L,batV_NL,int-tempC,Tag_ID,Pdir,Err,ext-tempC,Line,Comment
15/03/25 12:05:21,080A,080A,0,-99.00,-1.0,3360,3061,10.63,10.63,12.6,,0,,-99.0,0
15/03/25 12:20:36,080A,080A,1,-99.00,-1.0,3223,2989,10.62,10.70,10.9,,1,,-99.0,1
15/03/25 13:25:47,080A,080A,1,-99.00,-1.0,3287,2902,10.69,10.70,10.7,,2,,-99.0,2
15/03/25 13:54:57,080A,080A,1,-99.00,-1.0,2996,2989,10.70,10.70,12.6,,2,,-99.0,3
15/03/25 13:55:47,080A,080A,1,-99.00,-1.0,3031,2995,10.66,10.70,12.4,,2,,-99.0,4
15/03/25 13:56:04,080A,080A,1,-99.00,-1.0,3139,3009,10.70,10.61,10.7,,2,,-99.0,5
15/03/25 13:56:44,080A,080A,1,-99.00,-1.0,3037,2977,10.63,10.70,12.4,,2,,-99.0,6
15/03/25 13:57:36,080A,080A,1,-99.00,-1.0,3040,2985,10.63,10.70,12.1,,2,,-99.0,7
15/03/25 13:57:58,080A,080A,1,-99.00,-1.0,3061,2996,10.54,10.60,11.5,,1,,-99.0,8
15/03/25 13:59:51,080A,080A,1,-99.00,-1.0,3091,2992,10.63,10.70,13.8,,2,,-99.0,9
15/03/25 14:00:52,080A,080A,1,-99.00,-1.0,3171,2992,10.69,10.70,12.3,,2,,-99.0,10
15/03/25 14:01:33,080A,080A,1,-99.00,-1.0,3219,2996,10.69,10.70,13.0,,2,,-99.0,11
15/03/25 14:01:41,080A,080A,2,-99.00,-1.0,3352,3027,10.69,10.70,14.2,,2,,-99.0,12
15/03/25 14:02:25,080A,080A,1,-99.00,-1.0,3258,2978,10.66,10.70,12.9,,2,,-99.0,13
15/03/25 14:02:38,080A,080A,2,-99.00,-1.0,3355,3033,10.66,10.70,11.8,,2,,-99.0,14
15/03/25 14:02:49,080A,080A,2,-99.00,-1.0,3342,3036,10.66,10.70,14.5,,1,,-99.0,15
15/03/25 14:02:55,080A,080A,2,-99.00,-1.0,3338,3039,10.66,10.70,13.1,,2,,-99.0,16
15/03/25 14:03:07,080A,080A,2,-99.00,-1.0,3339,3046,10.66,10.70,11.7,,2,,-99.0,17
15/03/25 14:03:41,080A,080A,1,-99.00,-1.0,3296,2971,10.63,10.70,13.9,,2,,-99.0,18
15/03/25 14:03:44,080A,080A,2,-99.00,-1.0,3347,3020,10.63,10.70,11.8,,4,,-99.0,19
15/03/25 14:03:58,080A,080A,2,-99.00,-1.0,3348,3046,10.63,10.70,14.7,,2,,-99.0,20
15/03/25 14:04:15,080A,080A,1,-99.00,-1.0,3343,3047,10.60,10.69,12.4,,2,,-99.0,21
15/03/25 14:04:36,080A,080A,1,-99.00,-1.0,3322,3001,10.60,10.65,14.0,,2,,-99.0,22
15/03/25 14:04:47,080A,080A,2,-99.00,-1.0,3358,3061,10.60,10.65,13.7,,2,,-99.0,23
15/03/25 14:05:01,080A,080A,2,-99.00,-1.0,3361,3066,10.60,10.65,12.1,,2,,-99.0,24
15/03/25 14:05:09,080A,080A,2,-99.00,-1.0,3371,3050,10.60,10.65,15.0,,2,,-99.0,25
15/03/25 14:05:23,080A,080A,2,-99.00,-1.0,3366,3070,10.60,10.65,14.2,,2,,-99.0,26
15/03/25 14:05:23,080A,080A,,,,,,,,,,,,,27,PIR or RFID reader exceeded 60 seconds - terminating
15/03/25 14:05:49,080A,080A,1,-99.00,-1.0,3337,2985,10.67,10.65,14.3,,2,,-99.0,27
15/03/25 14:06:03,080A,080A,2,-99.00,-1.0,3505,3080,10.67,10.65,12.6,,2,,-99.0,28
15/03/25 14:06:09,080A,080A,2,-99.00,-1.0,3489,3074,10.67,10.65,14.3,,1,,-99.0,29
15/03/25 14:06:12,080A,080A,2,-99.00,-1.0,3386,3059,10.67,10.65,12.2,,2,,-99.0,30
15/03/25 14:07:16,080A,080A,1,-99.00,-1.0,3299,2856,10.67,10.70,13.1,,2,,-99.0,31
15/03/25 14:08:13,080A,080A,1,-99.00,-1.0,3324,2827,10.68,10.70,14.8,,2,,-99.0,32
15/03/25 14:08:44,080A,080A,1,-99.00,-1.0,3360,2915,10.65,10.70,12.9,,1,,-99.0,33
15/03/25 14:09:08,080A,080A,1,-99.00,-1.0,3387,2927,10.60,10.67,15.4,,2,,-99.0,34
15/03/25 14:09:51,080A,080A,1,-99.00,-1.0,3350,2814,10.63,10.70,13.7,,1,,-99.0,35
15/03/25 14:09:59,080A,080A,2,-99.00,-1.0,3479,3067,10.63,10.70,15.6,,2,,-99.0,36
15/03/25 14:10:31,080A,080A,1,-99.00,-1.0,3398,2860,10.67,10.70,15.1,,1,,-99.0,37
15/03/25 14:10:54,080A,080A,1,-99.00,-1.0,3427,2915,10.64,10.66,15.6,,2,,-99.0,38
15/03/25 14:11:08,080A,080A,2,-99.00,-1.0,3613,3118,10.64,10.66,13.2,,2,,-99.0,39
15/03/25 14:11:23,080A,080A,1,-99.00,-1.0,3499,3038,10.65,10.60,15.9,,2,,-99.0,40
15/03/25 14:11:40,080A,080A,1,-99.00,-1.0,3493,3045,10.67,10.63,15.2,,2,,-99.0,41
15/03/25 14:12:33,080A,080A,1,-99.00,-1.0,3502,2831,10.67,10.70,15.2,,2,,-99.0,42
15/03/25 14:12:46,080A,080A,2,-99.00,-1.0,3684,3089,10.67,10.70,16.0,,2,,-99.0,43
15/03/25 14:12:59,080A,080A,2,-99.00,-1.0,3667,3093,10.67,10.70,16.0,,2,,-99.0,44
15/03/25 14:13:39,080A,080A,1,-99.00,-1.0,3571,2868,10.64,10.70,13.9,,1,,-99.0,45
15/03/25 14:14:13,080A,080A,1,-99.00,-1.0,3598,2875,10.69,10.70,15.9,,2,,-99.0,46
15/03/25 14:14:21,080A,080A,2,-99.00,-1.0,3724,3108,10.69,10.70,14.0,,2,,-99.0,47
15/03/25 14:14:49,080A,080A,1,-99.00,-1.0,3623,2954,10.68,10.70,14.1,,1,,-99.0,48
15/03/25 14:15:42,080A,080A,1,-99.00,-1.0,3698,2900,10.66,10.70,16.2,,2,,-99.0,49
15/03/25 14:15:50,080A,080A,2,-99.00,-1.0,3759,3099,10.66,10.70,16.6,,2,,-99.0,50
15/03/25 14:16:28,080A,080A,1,-99.00,-1.0,3732,2935,10.68,10.70,14.4,,2,,-99.0,51
15/03/25 14:16:53,080A,080A,1,-99.00,-1.0,3709,2975,10.65,10.68,16.2,,2,,-99.0,52
15/03/25 14:17:04,080A,080A,2,-99.00,-1.0,3746,3092,10.65,10.68,15.0,,1,,-99.0,53
15/03/25 14:17:11,080A,080A,2,-99.00,-1.0,3738,3085,10.65,10.68,15.1,,2,,-99.0,54
15/03/25 14:17:46,080A,080A,1,-99.00,-1.0,3768,2955,10.64,10.70,14.9,,1,,-99.0,55
15/03/25 14:21:17,080A,080A,1,-99.00,-1.0,3826,2931,10.70,10.70,16.2,,2,,-99.0,56
15/03/25 14:21:36,080A,080A,1,-99.00,-1.0,3717,2980,10.61,10.70,14.4,,2,,-99.0,57
15/03/25 14:23:13,080A,080A,1,-99.00,-1.0,3499,2788,10.70,10.70,16.8,,2,,-99.0,58
15/03/25 14:23:52,080A,080A,1,-99.00,-1.0,3422,2767,10.70,10.70,17.1,,2,,-99.0,59
15/03/25 14:24:28,080A,080A,1,-99.00,-1.0,3359,2750,10.65,10.70,16.8,,2,,-99.0,60
15/03/25 14:24:36,080A,080A,2,-99.00,-1.0,3453,3013,10.65,10.70,15.9,,2,,-99.0,61
15/03/25 14:24:46,080A,080A,2,-99.00,-1.0,3451,3039,10.65,10.70,14.8,,2,,-99.0,62
15/03/25 14:24:59,080A,080A,2,-99.00,-1.0,3423,3034,10.65,10.70,16.0,,2,,-99.0,63
15/03/25 14:25:19,080A,080A,1,-99.00,-1.0,3328,2853,10.60,10.69,17.7,,2,,-99.0,64
15/03/25 14:26:14,080A,080A,1,-99.00,-1.0,3310,2724,10.68,10.70,17.0,,2,,-99.0,65
15/03/25 14:33:45,080A,080A,1,-99.00,-1.0,3130,2793,10.65,10.70,16.2,,2,,-99.0,66
15/03/25 14:34:04,080A,080A,1,-99.00,-1.0,3218,2924,10.69,10.68,16.0,,2,,-99.0,67
15/03/25 14:34:20,080A,080A,1,-99.00,-1.0,3241,2970,10.61,10.62,16.1,,2,,-99.0,68
15/03/25 14:34:41,080A,080A,1,-99.00,-1.0,3215,2934,10.61,10.65,17.4,,2,,-99.0,69
15/03/25 14:34:59,080A,080A,1,-99.00,-1.0,3222,2954,10.65,10.61,16.8,,2,,-99.0,70
15/03/25 14:49:09,080A,080A,1,-99.00,-1.0,3015,2964,10.70,10.70,14.6,,2,,-99.0,71
15/03/25 14:49:38,080A,080A,1,-99.00,-1.0,3146,3009,10.69,10.70,14.6,,2,,-99.0,72
15/03/25 14:50:04,080A,080A,1,-99.00,-1.0,3131,2991,10.69,10.70,16.1,,2,,-99.0,73
15/03/25 14:51:21,080A,080A,1,-99.00,-1.0,3002,2956,10.66,10.70,16.2,,2,,-99.0,74
15/03/25 14:52:19,080A,080A,1,-99.00,-1.0,3044,2958,10.68,10.70,16.2,,1,,-99.0,75
15/03/25 16:00:00,080A,080A,0,-99.00,-1.0,3091,3001,10.68,10.68,13.1,,0,,-99.0,76
15/03/25 20:00:00,080A,080A,0,-99.00,-1.0,3717,3277,10.62,10.62,3.4,,0,,-99.0,77
16/03/25 00:00:00,080A,080A,0,-99.00,-1.0,3710,3267,10.58,10.59,-1.2,,0,,-99.0,78
16/03/25 04:00:00,080A,080A,0,-99.00,-1.0,3349,3226,10.57,10.57,-2.7,,0,,-99.0,79
16/03/25 08:00:00,080A,080A,0,-99.00,-1.0,3026,3255,10.57,10.58,-2.5,,0,,-99.0,80
16/03/25 11:06:53,080A,080A,1,-99.00,-1.0,3411,2808,10.56,10.64,7.2,,2,,-99.0,81
16/03/25 11:07:06,080A,080A,2,-99.00,-1.0,3606,3133,10.56,10.64,8.4,,1,,-99.0,82
16/03/25 11:10:12,080A,080A,1,-99.00,-1.0,3514,2875,10.56,10.65,8.7,,2,,-99.0,83
16/03/25 11:10:15,080A,080A,2,-99.00,-1.0,3700,3104,10.56,10.65,7.9,,4,,-99.0,84
16/03/25 11:10:40,080A,080A,1,-99.00,-1.0,3528,2967,10.58,10.64,7.3,,1,,-99.0,85
16/03/25 11:10:50,080A,080A,2,-99.00,-1.0,3684,3160,10.58,10.64,9.0,,1,,-99.0,86
16/03/25 11:11:15,080A,080A,1,-99.00,-1.0,3523,2980,10.60,10.63,9.0,,1,,-99.0,87
16/03/25 11:12:08,080A,080A,1,-99.00,-1.0,3619,2933,10.58,10.64,7.3,,1,,-99.0,88
16/03/25 11:12:53,080A,080A,1,-99.00,-1.0,3666,2965,10.63,10.64,7.5,,3,,-99.0,89
16/03/25 11:38:25,080A,080A,1,-99.00,-1.0,3209,2744,10.60,10.65,8.7,,1,,-99.0,90
16/03/25 11:38:45,080A,080A,1,-99.00,-1.0,3276,2904,10.61,10.58,11.0,,2,,-99.0,91
16/03/25 11:38:52,080A,080A,2,-99.00,-1.0,3364,3045,10.61,10.58,10.0,,2,,-99.0,92
16/03/25 11:38:54,080A,080A,2,-99.00,-1.0,3370,3050,10.61,10.58,8.7,,4,,-99.0,93
16/03/25 11:42:22,080A,080A,1,-99.00,-1.0,3214,2749,10.61,10.65,9.1,,2,,-99.0,94
16/03/25 11:44:29,080A,080A,1,-99.00,-1.0,3217,2761,10.64,10.65,9.8,,1,,-99.0,95
16/03/25 12:00:00,080A,080A,0,-99.00,-1.0,3065,2723,10.66,10.65,10.4,,0,,-99.0,96
16/03/25 14:14:04,080A,080A,1,-99.00,-1.0,3015,3052,10.62,10.66,11.4,,2,,-99.0,97
16/03/25 16:00:00,080A,080A,0,-99.00,-1.0,3219,3022,10.66,10.66,10.9,,0,,-99.0,98
16/03/25 20:00:00,080A,080A,0,-99.00,-1.0,3638,3136,10.63,10.63,6.9,,0,,-99.0,99
17/03/25 00:00:00,080A,080A,0,-99.00,-1.0,3585,3234,10.62,10.62,5.4,,0,,-99.0,100
17/03/25 04:00:00,080A,080A,0,-99.00,-1.0,3374,3233,10.61,10.61,4.4,,0,,-99.0,101
17/03/25 08:00:00,080A,080A,0,-99.00,-1.0,3056,3183,10.61,10.61,4.0,,0,,-99.0,102
17/03/25 12:00:00,080A,080A,0,-99.00,-1.0,2900,3004,10.64,10.64,8.2,,0,,-99.0,103
17/03/25 16:00:00,080A,080A,0,-99.00,-1.0,2905,3027,10.65,10.65,9.3,,0,,-99.0,104
17/03/25 19:03:15,080A,080A,1,-99.00,-1.0,3618,3117,10.61,10.63,7.6,,2,,-99.0,105
17/03/25 19:03:24,080A,080A,2,-99.00,-1.0,3593,3073,10.61,10.63,7.5,,2,,-99.0,106
17/03/25 19:03:32,080A,080A,2,-99.00,-1.0,3623,3168,10.61,10.63,5.5,,2,,-99.0,107
17/03/25 19:03:41,080A,080A,2,-99.00,-1.0,3454,3061,10.61,10.63,6.2,,2,,-99.0,108
17/03/25 19:03:55,080A,080A,2,-99.00,-1.0,3465,3050,10.61,10.63,7.9,,2,,-99.0,109
17/03/25 19:04:09,080A,080A,2,-99.00,-1.0,3454,3045,10.61,10.63,6.3,,2,,-99.0,110
17/03/25 19:04:19,080A,080A,2,-99.00,-1.0,3446,3028,10.61,10.63,8.4,,2,,-99.0,111
17/03/25 19:04:19,080A,080A,,,,,,,,,,,,,112,PIR or RFID reader exceeded 60 seconds - terminating
17/03/25 19:04:46,080A,080A,1,-99.00,-1.0,3600,3078,10.62,10.64,7.2,,2,,-99.0,112
17/03/25 19:04:59,080A,080A,2,-99.00,-1.0,3460,3066,10.62,10.64,8.1,,2,,-99.0,113
17/03/25 19:05:06,080A,080A,2,-99.00,-1.0,3390,3036,10.62,10.64,6.9,,2,,-99.0,114
17/03/25 19:05:25,080A,080A,1,-99.00,-1.0,3449,3031,10.60,10.56,7.0,,2,,-99.0,115
17/03/25 19:05:55,080A,080A,1,-99.00,-1.0,3462,3038,10.61,10.63,8.3,,2,,-99.0,116
17/03/25 19:06:12,080A,080A,1,-99.00,-1.0,3459,3048,10.61,10.50,7.8,,2,,-99.0,117
17/03/25 19:06:39,080A,080A,1,-99.00,-1.0,3462,3041,10.61,10.63,7.4,,2,,-99.0,118
17/03/25 19:06:48,080A,080A,2,-99.00,-1.0,3455,3032,10.61,10.63,9.4,,2,,-99.0,119
17/03/25 19:06:56,080A,080A,2,-99.00,-1.0,3419,3031,10.61,10.63,8.6,,2,,-99.0,120
17/03/25 19:07:28,080A,080A,1,-99.00,-1.0,3466,3045,10.56,10.63,7.2,,2,,-99.0,121
17/03/25 19:07:35,080A,080A,2,-99.00,-1.0,3435,3046,10.56,10.63,7.8,,2,,-99.0,122
17/03/25 19:07:46,080A,080A,2,-99.00,-1.0,3447,3029,10.56,10.63,6.7,,2,,-99.0,123
17/03/25 19:08:02,080A,080A,1,-99.00,-1.0,3446,3034,10.63,10.55,7.2,,2,,-99.0,124
17/03/25 19:08:12,080A,080A,2,-99.00,-1.0,3445,3031,10.63,10.55,8.8,,2,,-99.0,125
17/03/25 19:08:24,080A,080A,2,-99.00,-1.0,3443,3033,10.63,10.55,7.8,,2,,-99.0,126
17/03/25 19:09:19,080A,080A,1,-99.00,-1.0,3615,3101,10.58,10.63,7.6,,2,,-99.0,127
17/03/25 19:10:01,080A,080A,1,-99.00,-1.0,3604,3078,10.49,10.56,7.6,,2,,-99.0,128
17/03/25 19:10:42,080A,080A,1,-99.00,-1.0,3477,3069,10.61,10.63,8.7,,2,,-99.0,129
17/03/25 19:10:50,080A,080A,2,-99.00,-1.0,3461,3049,10.61,10.63,7.2,,2,,-99.0,130
17/03/25 19:11:02,080A,080A,2,-99.00,-1.0,3464,3053,10.61,10.63,7.2,,2,,-99.0,131
17/03/25 19:11:49,080A,080A,1,-99.00,-1.0,3489,3070,10.60,10.62,7.9,,2,,-99.0,132
17/03/25 19:12:18,080A,080A,1,-99.00,-1.0,3467,3059,10.61,10.62,8.9,,2,,-99.0,133
17/03/25 19:12:33,080A,080A,2,-99.00,-1.0,3453,3055,10.61,10.62,10.0,,2,,-99.0,134
17/03/25 19:12:41,080A,080A,2,-99.00,-1.0,3452,3026,10.61,10.62,10.2,,2,,-99.0,135
17/03/25 19:13:43,080A,080A,1,-99.00,-1.0,3609,3079,10.58,10.62,7.8,,2,,-99.0,136
17/03/25 19:14:40,080A,080A,1,-99.00,-1.0,3607,3091,10.58,10.62,8.6,,2,,-99.0,137
17/03/25 19:14:49,080A,080A,2,-99.00,-1.0,3467,3065,10.58,10.62,7.7,,2,,-99.0,138
17/03/25 19:15:17,080A,080A,1,-99.00,-1.0,3468,3051,10.56,10.62,7.6,,2,,-99.0,139
17/03/25 19:15:32,080A,080A,2,-99.00,-1.0,3469,3058,10.56,10.62,8.9,,2,,-99.0,140
17/03/25 19:15:41,080A,080A,2,-99.00,-1.0,3453,3034,10.56,10.62,9.3,,2,,-99.0,141
17/03/25 19:17:44,080A,080A,1,-99.00,-1.0,3617,3107,10.56,10.62,7.5,,2,,-99.0,142
17/03/25 19:19:09,080A,080A,1,-99.00,-1.0,3623,3103,10.55,10.61,9.2,,2,,-99.0,143
17/03/25 19:19:23,080A,080A,2,-99.00,-1.0,3476,3069,10.55,10.61,9.4,,2,,-99.0,144
17/03/25 19:19:42,080A,080A,1,-99.00,-1.0,3472,3047,10.61,10.53,8.0,,2,,-99.0,145
17/03/25 19:19:51,080A,080A,2,-99.00,-1.0,3457,3048,10.61,10.53,7.0,,2,,-99.0,146
17/03/25 19:20:01,080A,080A,2,-99.00,-1.0,3456,3029,10.61,10.53,7.3,,2,,-99.0,147
17/03/25 19:20:27,080A,080A,1,-99.00,-1.0,3466,3038,10.56,10.61,7.8,,2,,-99.0,148
17/03/25 19:20:47,080A,080A,1,-99.00,-1.0,3474,3038,10.52,10.56,8.7,,2,,-99.0,149
17/03/25 19:21:11,080A,080A,1,-99.00,-1.0,3472,3033,10.60,10.58,9.8,,2,,-99.0,150
17/03/25 19:21:36,080A,080A,1,-99.00,-1.0,3465,3043,10.60,10.61,9.1,,2,,-99.0,151
17/03/25 19:21:51,080A,080A,2,-99.00,-1.0,3460,3045,10.60,10.61,10.4,,2,,-99.0,152
17/03/25 19:22:01,080A,080A,2,-99.00,-1.0,3453,3022,10.60,10.61,10.3,,2,,-99.0,153
17/03/25 19:22:27,080A,080A,1,-99.00,-1.0,3464,3028,10.60,10.61,10.1,,2,,-99.0,154
17/03/25 19:22:56,080A,080A,1,-99.00,-1.0,3467,3044,10.61,10.61,10.1,,2,,-99.0,155
17/03/25 19:23:46,080A,080A,1,-99.00,-1.0,3616,3081,10.61,10.63,8.3,,2,,-99.0,156
17/03/25 19:24:12,080A,080A,1,-99.00,-1.0,3479,3049,10.60,10.61,10.0,,2,,-99.0,157
17/03/25 19:24:28,080A,080A,2,-99.00,-1.0,3469,3067,10.60,10.61,8.1,,2,,-99.0,158
17/03/25 19:25:24,080A,080A,1,-99.00,-1.0,3610,3077,10.55,10.61,8.5,,2,,-99.0,159
17/03/25 19:26:05,080A,080A,1,-99.00,-1.0,3610,3073,10.55,10.61,9.2,,2,,-99.0,160
17/03/25 19:26:11,080A,080A,2,-99.00,-1.0,3445,3050,10.55,10.61,8.7,,2,,-99.0,161
17/03/25 19:26:24,080A,080A,2,-99.00,-1.0,3458,3045,10.55,10.61,10.6,,2,,-99.0,162
17/03/25 19:26:38,080A,080A,2,-99.00,-1.0,3452,3039,10.55,10.61,8.9,,2,,-99.0,163
17/03/25 19:27:16,080A,080A,1,-99.00,-1.0,3473,3055,10.58,10.61,8.5,,2,,-99.0,164
17/03/25 19:29:12,080A,080A,1,-99.00,-1.0,3620,3098,10.58,10.61,9.7,,2,,-99.0,165
17/03/25 19:29:49,080A,080A,1,-99.00,-1.0,3611,3092,10.55,10.61,8.1,,2,,-99.0,166
17/03/25 19:30:20,080A,080A,1,-99.00,-1.0,3487,3067,10.54,10.61,8.8,,2,,-99.0,167
17/03/25 19:30:58,080A,080A,1,-99.00,-1.0,3606,3073,10.60,10.61,9.9,,2,,-99.0,168
17/03/25 19:31:13,080A,080A,2,-99.00,-1.0,3468,3062,10.60,10.61,10.4,,2,,-99.0,169
17/03/25 19:31:40,080A,080A,1,-99.00,-1.0,3473,3041,10.60,10.61,10.1,,2,,-99.0,170
17/03/25 19:31:58,080A,080A,1,-99.00,-1.0,3471,3047,10.61,10.52,9.8,,2,,-99.0,171
17/03/25 19:32:40,080A,080A,1,-99.00,-1.0,3473,3066,10.59,10.61,9.0,,2,,-99.0,172
17/03/25 19:32:48,080A,080A,2,-99.00,-1.0,3467,3048,10.59,10.61,9.4,,2,,-99.0,173
17/03/25 19:32:57,080A,080A,2,-99.00,-1.0,3458,3034,10.59,10.61,10.3,,2,,-99.0,174
17/03/25 19:33:06,080A,080A,2,-99.00,-1.0,3453,3032,10.59,10.61,9.1,,2,,-99.0,175
17/03/25 19:33:55,080A,080A,1,-99.00,-1.0,3597,3073,10.60,10.61,9.1,,2,,-99.0,176
17/03/25 19:34:05,080A,080A,2,-99.00,-1.0,3464,3040,10.60,10.61,10.9,,2,,-99.0,177
17/03/25 19:34:22,080A,080A,1,-99.00,-1.0,3458,3035,10.61,10.60,9.7,,2,,-99.0,178
17/03/25 19:35:38,080A,080A,1,-99.00,-1.0,3611,3081,10.60,10.61,10.6,,2,,-99.0,179
17/03/25 19:36:40,080A,080A,1,-99.00,-1.0,3613,3101,10.53,10.61,8.3,,2,,-99.0,180
17/03/25 19:36:49,080A,080A,2,-99.00,-1.0,3595,3082,10.53,10.61,8.4,,2,,-99.0,181
17/03/25 19:36:57,080A,080A,2,-99.00,-1.0,3453,3050,10.53,10.61,7.9,,2,,-99.0,182
17/03/25 19:37:14,080A,080A,1,-99.00,-1.0,3469,3044,10.55,10.57,10.3,,2,,-99.0,183
17/03/25 19:37:34,080A,080A,1,-99.00,-1.0,3473,3060,10.58,10.52,8.0,,2,,-99.0,184
17/03/25 19:37:46,080A,080A,2,-99.00,-1.0,3460,3054,10.58,10.52,8.7,,2,,-99.0,185
17/03/25 19:38:16,080A,080A,1,-99.00,-1.0,3604,3075,10.59,10.60,9.8,,2,,-99.0,186
17/03/25 19:38:28,080A,080A,2,-99.00,-1.0,3594,3073,10.59,10.60,7.7,,2,,-99.0,187
17/03/25 19:39:19,080A,080A,1,-99.00,-1.0,3610,3083,10.58,10.60,9.4,,2,,-99.0,188
17/03/25 19:39:29,080A,080A,2,-99.00,-1.0,3479,3060,10.58,10.60,9.2,,2,,-99.0,189
17/03/25 19:39:44,080A,080A,2,-99.00,-1.0,3464,3049,10.58,10.60,10.4,,2,,-99.0,190
17/03/25 19:40:02,080A,080A,1,-99.00,-1.0,3465,3060,10.56,10.52,7.5,,2,,-99.0,191
17/03/25 19:40:39,080A,080A,1,-99.00,-1.0,3613,3081,10.52,10.60,8.0,,2,,-99.0,192
17/03/25 19:41:06,080A,080A,1,-99.00,-1.0,3612,3089,10.53,10.60,8.9,,2,,-99.0,193
17/03/25 19:41:16,080A,080A,2,-99.00,-1.0,3461,3069,10.53,10.60,7.3,,2,,-99.0,194
17/03/25 19:41:27,080A,080A,2,-99.00,-1.0,3453,3042,10.53,10.60,8.2,,2,,-99.0,195
17/03/25 19:41:40,080A,080A,2,-99.00,-1.0,3452,3043,10.53,10.60,7.4,,2,,-99.0,196
17/03/25 19:41:54,080A,080A,2,-99.00,-1.0,3445,3044,10.53,10.60,8.6,,2,,-99.0,197
17/03/25 19:41:54,080A,080A,,,,,,,,,,,,,198,PIR or RFID reader exceeded 60 seconds - terminating
17/03/25 19:42:12,080A,080A,1,-99.00,-1.0,3463,3039,10.49,10.58,7.5,,2,,-99.0,198
17/03/25 19:42:57,080A,080A,1,-99.00,-1.0,3612,3079,10.56,10.60,9.0,,2,,-99.0,199
17/03/25 19:43:14,080A,080A,1,-99.00,-1.0,3473,3062,10.56,10.50,10.3,,2,,-99.0,200
17/03/25 19:43:32,080A,080A,1,-99.00,-1.0,3477,3065,10.54,10.51,7.3,,2,,-99.0,201
17/03/25 19:43:43,080A,080A,2,-99.00,-1.0,3452,3050,10.54,10.51,7.3,,2,,-99.0,202
17/03/25 19:43:55,080A,080A,2,-99.00,-1.0,3451,3045,10.54,10.51,7.4,,2,,-99.0,203
17/03/25 19:44:22,080A,080A,1,-99.00,-1.0,3474,3064,10.58,10.59,8.9,,2,,-99.0,204
17/03/25 19:44:36,080A,080A,2,-99.00,-1.0,3463,3046,10.58,10.59,9.1,,2,,-99.0,205
17/03/25 19:44:54,080A,080A,1,-99.00,-1.0,3467,3055,10.52,10.54,8.1,,2,,-99.0,206
17/03/25 19:45:11,080A,080A,1,-99.00,-1.0,3456,3037,10.56,10.56,8.8,,2,,-99.0,207
17/03/25 19:45:20,080A,080A,2,-99.00,-1.0,3446,3028,10.56,10.56,8.0,,2,,-99.0,208
17/03/25 19:45:39,080A,080A,1,-99.00,-1.0,3463,3037,10.58,10.51,10.2,,2,,-99.0,209
17/03/25 19:46:00,080A,080A,1,-99.00,-1.0,3474,3041,10.53,10.56,9.5,,2,,-99.0,210
17/03/25 19:46:13,080A,080A,2,-99.00,-1.0,3457,3056,10.53,10.56,7.5,,2,,-99.0,211
17/03/25 19:46:38,080A,080A,1,-99.00,-1.0,3472,3068,10.58,10.58,8.7,,2,,-99.0,212
17/03/25 19:47:14,080A,080A,1,-99.00,-1.0,3613,3079,10.52,10.59,8.2,,2,,-99.0,213
17/03/25 19:47:26,080A,080A,2,-99.00,-1.0,3470,3057,10.52,10.59,8.3,,2,,-99.0,214
17/03/25 19:47:40,080A,080A,2,-99.00,-1.0,3454,3049,10.52,10.59,7.4,,2,,-99.0,215
17/03/25 19:47:55,080A,080A,2,-99.00,-1.0,3450,3031,10.52,10.59,8.4,,2,,-99.0,216
17/03/25 19:48:21,080A,080A,1,-99.00,-1.0,3483,3063,10.55,10.58,9.2,,2,,-99.0,217
17/03/25 19:48:30,080A,080A,2,-99.00,-1.0,3463,3046,10.55,10.58,9.3,,2,,-99.0,218
17/03/25 19:48:45,080A,080A,2,-99.00,-1.0,3461,3051,10.55,10.58,8.4,,2,,-99.0,219
17/03/25 19:48:57,080A,080A,2,-99.00,-1.0,3451,3045,10.55,10.58,7.2,,2,,-99.0,220
17/03/25 19:49:11,080A,080A,2,-99.00,-1.0,3444,3022,10.55,10.58,10.0,,2,,-99.0,221
17/03/25 19:49:21,080A,080A,2,-99.00,-1.0,3445,3021,10.55,10.58,8.7,,2,,-99.0,222
17/03/25 19:49:21,080A,080A,,,,,,,,,,,,,223,PIR or RFID reader exceeded 60 seconds - terminating
17/03/25 19:49:41,080A,080A,1,-99.00,-1.0,3484,3063,10.51,10.58,8.6,,2,,-99.0,223
17/03/25 19:49:54,080A,080A,2,-99.00,-1.0,3452,3037,10.51,10.58,9.9,,2,,-99.0,224
17/03/25 19:50:11,080A,080A,1,-99.00,-1.0,3465,3034,10.56,10.58,9.2,,2,,-99.0,225
17/03/25 19:50:29,080A,080A,1,-99.00,-1.0,3461,3051,10.48,10.58,7.2,,2,,-99.0,226
17/03/25 19:50:49,080A,080A,1,-99.00,-1.0,3469,3050,10.49,10.55,7.3,,2,,-99.0,227
17/03/25 19:50:58,080A,080A,2,-99.00,-1.0,3457,3030,10.49,10.55,9.2,,2,,-99.0,228
17/03/25 19:51:22,080A,080A,1,-99.00,-1.0,3470,3056,10.55,10.56,9.3,,2,,-99.0,229
17/03/25 19:51:31,080A,080A,2,-99.00,-1.0,3455,3047,10.55,10.56,8.3,,2,,-99.0,230
17/03/25 19:51:39,080A,080A,2,-99.00,-1.0,3450,3021,10.55,10.56,10.0,,2,,-99.0,231
17/03/25 19:51:52,080A,080A,2,-99.00,-1.0,3453,3023,10.55,10.56,10.0,,2,,-99.0,232
17/03/25 19:52:08,080A,080A,1,-99.00,-1.0,3449,3023,10.53,10.53,10.1,,2,,-99.0,233
17/03/25 19:52:37,080A,080A,1,-99.00,-1.0,3483,3070,10.53,10.58,7.6,,2,,-99.0,234
17/03/25 19:53:01,080A,080A,1,-99.00,-1.0,3598,3076,10.56,10.57,8.6,,2,,-99.0,235
17/03/25 19:53:14,080A,080A,2,-99.00,-1.0,3465,3054,10.56,10.57,7.4,,2,,-99.0,236
17/03/25 19:53:47,080A,080A,1,-99.00,-1.0,3612,3078,10.51,10.58,7.9,,2,,-99.0,237
17/03/25 19:53:55,080A,080A,2,-99.00,-1.0,3458,3055,10.51,10.58,7.0,,2,,-99.0,238
17/03/25 19:54:11,080A,080A,1,-99.00,-1.0,3463,3052,10.55,10.51,7.2,,2,,-99.0,239
17/03/25 19:54:39,080A,080A,1,-99.00,-1.0,3595,3076,10.56,10.58,8.2,,2,,-99.0,240
17/03/25 19:54:49,080A,080A,2,-99.00,-1.0,3461,3049,10.56,10.58,8.3,,2,,-99.0,241
17/03/25 19:55:13,080A,080A,1,-99.00,-1.0,3483,3055,10.53,10.53,8.9,,2,,-99.0,242
17/03/25 19:55:56,080A,080A,1,-99.00,-1.0,3614,3081,10.56,10.58,9.4,,2,,-99.0,243
17/03/25 19:56:08,080A,080A,2,-99.00,-1.0,3581,3074,10.56,10.58,6.9,,2,,-99.0,244
17/03/25 19:56:17,080A,080A,2,-99.00,-1.0,3454,3040,10.56,10.58,7.3,,2,,-99.0,245
17/03/25 19:56:30,080A,080A,2,-99.00,-1.0,3450,3043,10.56,10.58,8.3,,2,,-99.0,246
17/03/25 19:56:43,080A,080A,2,-99.00,-1.0,3459,3042,10.56,10.58,9.0,,2,,-99.0,247
17/03/25 19:56:53,080A,080A,2,-99.00,-1.0,3451,3026,10.56,10.58,7.2,,2,,-99.0,248
17/03/25 19:56:53,080A,080A,,,,,,,,,,,,,249,PIR or RFID reader exceeded 60 seconds - terminating
17/03/25 19:57:32,080A,080A,1,-99.00,-1.0,3609,3076,10.50,10.58,8.5,,2,,-99.0,249
17/03/25 19:57:41,080A,080A,2,-99.00,-1.0,3466,3060,10.50,10.58,7.5,,2,,-99.0,250
17/03/25 19:58:01,080A,080A,1,-99.00,-1.0,3484,3055,10.49,10.50,7.4,,2,,-99.0,251
17/03/25 19:58:18,080A,080A,1,-99.00,-1.0,3465,3041,10.55,10.55,9.3,,2,,-99.0,252
17/03/25 19:58:33,080A,080A,2,-99.00,-1.0,3447,3049,10.55,10.55,8.5,,2,,-99.0,253
17/03/25 19:59:07,080A,080A,1,-99.00,-1.0,3595,3076,10.55,10.57,9.1,,2,,-99.0,254
17/03/25 19:59:22,080A,080A,2,-99.00,-1.0,3459,3061,10.55,10.57,8.3,,2,,-99.0,255
17/03/25 19:59:51,080A,080A,1,-99.00,-1.0,3603,3077,10.51,10.58,9.0,,2,,-99.0,256
17/03/25 19:59:59,080A,080A,2,-99.00,-1.0,3452,3059,10.51,10.58,7.5,,2,,-99.0,257
17/03/25 20:00:20,080A,080A,1,-99.00,-1.0,3466,3064,10.54,10.52,9.8,,2,,-99.0,258
17/03/25 20:00:28,080A,080A,2,-99.00,-1.0,3450,3043,10.54,10.52,7.8,,2,,-99.0,259
17/03/25 20:00:46,080A,080A,1,-99.00,-1.0,3470,3045,10.49,10.55,9.7,,2,,-99.0,260
17/03/25 20:01:04,080A,080A,1,-99.00,-1.0,3463,3047,10.55,10.51,8.3,,2,,-99.0,261
17/03/25 20:01:18,080A,080A,2,-99.00,-1.0,3450,3049,10.55,10.51,7.1,,2,,-99.0,262
17/03/25 20:01:26,080A,080A,2,-99.00,-1.0,3435,3033,10.55,10.51,8.3,,2,,-99.0,263
17/03/25 20:01:35,080A,080A,2,-99.00,-1.0,3438,3018,10.55,10.51,9.7,,2,,-99.0,264
17/03/25 20:02:15,080A,080A,1,-99.00,-1.0,3599,3079,10.54,10.57,9.2,,2,,-99.0,265
17/03/25 20:02:26,080A,080A,2,-99.00,-1.0,3463,3050,10.54,10.57,8.7,,2,,-99.0,266
17/03/25 20:02:34,080A,080A,2,-99.00,-1.0,3449,3038,10.54,10.57,9.0,,2,,-99.0,267
17/03/25 20:02:50,080A,080A,1,-99.00,-1.0,3467,3037,10.48,10.56,8.9,,2,,-99.0,268
17/03/25 20:03:11,080A,080A,1,-99.00,-1.0,3480,3047,10.56,10.52,7.3,,2,,-99.0,269
17/03/25 20:03:53,080A,080A,1,-99.00,-1.0,3608,3085,10.56,10.57,8.7,,2,,-99.0,270
17/03/25 20:04:02,080A,080A,2,-99.00,-1.0,3456,3063,10.56,10.57,7.0,,2,,-99.0,271
17/03/25 20:04:21,080A,080A,1,-99.00,-1.0,3471,3064,10.49,10.56,7.6,,2,,-99.0,272
17/03/25 20:04:29,080A,080A,2,-99.00,-1.0,3446,3047,10.49,10.56,7.2,,2,,-99.0,273
17/03/25 20:04:48,080A,080A,1,-99.00,-1.0,3473,3050,10.53,10.55,8.1,,2,,-99.0,274
17/03/25 20:05:04,080A,080A,2,-99.00,-1.0,3470,3048,10.53,10.55,6.9,,2,,-99.0,275
17/03/25 20:05:13,080A,080A,2,-99.00,-1.0,3440,3038,10.53,10.55,7.2,,2,,-99.0,276
17/03/25 20:05:33,080A,080A,1,-99.00,-1.0,3464,3049,10.53,10.49,8.3,,2,,-99.0,277
17/03/25 20:05:46,080A,080A,2,-99.00,-1.0,3458,3039,10.53,10.49,9.4,,2,,-99.0,278
17/03/25 20:06:04,080A,080A,1,-99.00,-1.0,3467,3037,10.47,10.52,8.9,,2,,-99.0,279
17/03/25 20:06:34,080A,080A,1,-99.00,-1.0,3603,3079,10.51,10.56,7.8,,2,,-99.0,280
17/03/25 20:06:43,080A,080A,2,-99.00,-1.0,3457,3044,10.51,10.56,9.3,,2,,-99.0,281
17/03/25 20:06:55,080A,080A,2,-99.00,-1.0,3466,3041,10.51,10.56,7.0,,2,,-99.0,282
17/03/25 20:07:04,080A,080A,2,-99.00,-1.0,3441,3032,10.51,10.56,8.0,,2,,-99.0,283
17/03/25 20:07:21,080A,080A,1,-99.00,-1.0,3451,3025,10.48,10.56,9.6,,2,,-99.0,284
17/03/25 20:07:31,080A,080A,2,-99.00,-1.0,3454,3034,10.48,10.56,7.7,,2,,-99.0,285
17/03/25 20:07:52,080A,080A,1,-99.00,-1.0,3469,3051,10.53,10.51,8.6,,2,,-99.0,286
17/03/25 20:08:04,080A,080A,2,-99.00,-1.0,3462,3051,10.53,10.51,6.7,,2,,-99.0,287
17/03/25 20:08:26,080A,080A,1,-99.00,-1.0,3478,3051,10.46,10.55,7.5,,2,,-99.0,288
17/03/25 20:09:15,080A,080A,1,-99.00,-1.0,3610,3090,10.53,10.56,7.9,,2,,-99.0,289
17/03/25 20:09:31,080A,080A,1,-99.00,-1.0,3462,3067,10.49,10.48,9.5,,2,,-99.0,290
17/03/25 20:09:39,080A,080A,2,-99.00,-1.0,3457,3041,10.49,10.48,7.0,,2,,-99.0,291
17/03/25 20:09:58,080A,080A,1,-99.00,-1.0,3460,3055,10.50,10.56,8.2,,2,,-99.0,292
17/03/25 20:10:25,080A,080A,1,-99.00,-1.0,3485,3070,10.51,10.56,8.7,,2,,-99.0,293
17/03/25 20:10:58,080A,080A,1,-99.00,-1.0,3602,3088,10.49,10.56,9.0,,2,,-99.0,294
17/03/25 20:11:24,080A,080A,1,-99.00,-1.0,3608,3083,10.50,10.56,7.8,,2,,-99.0,295
17/03/25 20:11:33,080A,080A,2,-99.00,-1.0,3462,3049,10.50,10.56,7.5,,2,,-99.0,296
17/03/25 20:11:47,080A,080A,2,-99.00,-1.0,3467,3038,10.50,10.56,8.1,,2,,-99.0,297
17/03/25 20:12:00,080A,080A,2,-99.00,-1.0,3447,3044,10.50,10.56,7.4,,2,,-99.0,298
17/03/25 20:12:10,080A,080A,2,-99.00,-1.0,3454,3029,10.50,10.56,7.1,,2,,-99.0,299
17/03/25 20:12:24,080A,080A,2,-99.00,-1.0,3454,3036,10.50,10.56,6.6,,2,,-99.0,300
17/03/25 20:12:24,080A,080A,,,,,,,,,,,,,301,PIR or RFID reader exceeded 60 seconds - terminating
17/03/25 20:12:44,080A,080A,1,-99.00,-1.0,3600,3077,10.49,10.56,7.2,,2,,-99.0,301
17/03/25 20:12:54,080A,080A,2,-99.00,-1.0,3453,3044,10.49,10.56,7.9,,2,,-99.0,302
17/03/25 20:13:02,080A,080A,2,-99.00,-1.0,3446,3034,10.49,10.56,7.6,,2,,-99.0,303
17/03/25 20:13:14,080A,080A,2,-99.00,-1.0,3449,3034,10.49,10.56,8.9,,2,,-99.0,304
17/03/25 20:13:31,080A,080A,1,-99.00,-1.0,3464,3032,10.52,10.55,9.2,,2,,-99.0,305
17/03/25 20:13:43,080A,080A,2,-99.00,-1.0,3440,3033,10.52,10.55,8.3,,2,,-99.0,306
17/03/25 20:14:18,080A,080A,1,-99.00,-1.0,3598,3077,10.51,10.56,7.8,,2,,-99.0,307
17/03/25 20:14:39,080A,080A,1,-99.00,-1.0,3465,3068,10.49,10.55,9.3,,2,,-99.0,308
17/03/25 20:14:53,080A,080A,2,-99.00,-1.0,3460,3061,10.49,10.55,7.0,,2,,-99.0,309
17/03/25 20:15:10,080A,080A,1,-99.00,-1.0,3458,3049,10.49,10.48,8.0,,2,,-99.0,310
17/03/25 20:15:24,080A,080A,2,-99.00,-1.0,3441,3042,10.49,10.48,9.5,,2,,-99.0,311
17/03/25 20:15:37,080A,080A,2,-99.00,-1.0,3439,3036,10.49,10.48,9.3,,2,,-99.0,312
17/03/25 20:16:07,080A,080A,1,-99.00,-1.0,3608,3074,10.49,10.56,8.1,,2,,-99.0,313
17/03/25 20:16:15,080A,080A,2,-99.00,-1.0,3448,3055,10.49,10.56,7.5,,2,,-99.0,314
17/03/25 20:16:34,080A,080A,1,-99.00,-1.0,3465,3038,10.52,10.48,9.0,,2,,-99.0,315
17/03/25 20:16:55,080A,080A,1,-99.00,-1.0,3589,3073,10.53,10.55,7.1,,2,,-99.0,316
17/03/25 20:17:08,080A,080A,2,-99.00,-1.0,3460,3058,10.53,10.55,6.5,,2,,-99.0,317
17/03/25 20:17:17,080A,080A,2,-99.00,-1.0,3441,3034,10.53,10.55,6.9,,2,,-99.0,318
17/03/25 20:17:37,080A,080A,1,-99.00,-1.0,3461,3048,10.51,10.52,7.0,,2,,-99.0,319
17/03/25 20:18:00,080A,080A,1,-99.00,-1.0,3473,3058,10.46,10.50,9.5,,2,,-99.0,320
17/03/25 20:18:14,080A,080A,2,-99.00,-1.0,3464,3059,10.46,10.50,6.8,,2,,-99.0,321
17/03/25 20:18:23,080A,080A,2,-99.00,-1.0,3439,3035,10.46,10.50,6.5,,2,,-99.0,322
17/03/25 20:18:31,080A,080A,2,-99.00,-1.0,3423,3018,10.46,10.50,8.1,,2,,-99.0,323
17/03/25 20:18:48,080A,080A,1,-99.00,-1.0,3446,3037,10.46,10.53,9.5,,2,,-99.0,324
17/03/25 20:19:31,080A,080A,1,-99.00,-1.0,3597,3079,10.55,10.55,8.2,,2,,-99.0,325
17/03/25 20:19:46,080A,080A,2,-99.00,-1.0,3472,3059,10.55,10.55,9.4,,2,,-99.0,326
17/03/25 20:20:02,080A,080A,1,-99.00,-1.0,3457,3054,10.51,10.47,7.8,,2,,-99.0,327
17/03/25 20:20:10,080A,080A,2,-99.00,-1.0,3452,3029,10.51,10.47,7.4,,2,,-99.0,328
17/03/25 20:20:46,080A,080A,1,-99.00,-1.0,3605,3076,10.55,10.55,8.9,,2,,-99.0,329
17/03/25 20:20:55,080A,080A,2,-99.00,-1.0,3466,3065,10.55,10.55,7.1,,2,,-99.0,330
17/03/25 20:21:16,080A,080A,1,-99.00,-1.0,3469,3059,10.46,10.55,6.7,,2,,-99.0,331
17/03/25 20:21:26,080A,080A,2,-99.00,-1.0,3459,3042,10.46,10.55,9.3,,2,,-99.0,332
17/03/25 20:21:35,080A,080A,2,-99.00,-1.0,3445,3028,10.46,10.55,9.1,,2,,-99.0,333
17/03/25 20:22:01,080A,080A,1,-99.00,-1.0,3472,3067,10.49,10.55,6.9,,2,,-99.0,334
17/03/25 20:22:25,080A,080A,1,-99.00,-1.0,3596,3072,10.51,10.54,6.9,,2,,-99.0,335
17/03/25 20:22:52,080A,080A,1,-99.00,-1.0,3610,3077,10.54,10.55,7.4,,2,,-99.0,336
17/03/25 20:23:28,080A,080A,1,-99.00,-1.0,3604,3087,10.49,10.55,8.2,,2,,-99.0,337
17/03/25 20:23:40,080A,080A,2,-99.00,-1.0,3469,3065,10.49,10.55,9.3,,2,,-99.0,338
17/03/25 20:23:49,080A,080A,2,-99.00,-1.0,3456,3046,10.49,10.55,8.4,,2,,-99.0,339
17/03/25 20:24:08,080A,080A,1,-99.00,-1.0,3470,3048,10.46,10.51,8.7,,2,,-99.0,340
17/03/25 20:24:28,080A,080A,1,-99.00,-1.0,3473,3059,10.47,10.50,7.5,,2,,-99.0,341
17/03/25 20:25:20,080A,080A,1,-99.00,-1.0,3604,3093,10.48,10.55,8.6,,2,,-99.0,342
17/03/25 20:26:33,080A,080A,1,-99.00,-1.0,3618,3111,10.48,10.55,6.7,,2,,-99.0,343
17/03/25 20:26:48,080A,080A,2,-99.00,-1.0,3607,3081,10.48,10.55,6.2,,2,,-99.0,344
17/03/25 20:27:24,080A,080A,1,-99.00,-1.0,3616,3095,10.49,10.55,7.4,,2,,-99.0,345
17/03/25 20:28:40,080A,080A,1,-99.00,-1.0,3617,3117,10.53,10.55,7.2,,2,,-99.0,346
17/03/25 20:29:07,080A,080A,1,-99.00,-1.0,3624,3102,10.53,10.55,6.6,,2,,-99.0,347
17/03/25 20:29:17,080A,080A,2,-99.00,-1.0,3651,3186,10.53,10.55,5.9,,2,,-99.0,348
17/03/25 20:29:35,080A,080A,1,-99.00,-1.0,3469,3062,10.49,10.54,9.0,,2,,-99.0,349
17/03/25 20:29:56,080A,080A,1,-99.00,-1.0,3474,3061,10.51,10.49,9.0,,2,,-99.0,350
17/03/25 20:30:10,080A,080A,2,-99.00,-1.0,3459,3058,10.51,10.49,7.8,,2,,-99.0,351
17/03/25 20:30:21,080A,080A,2,-99.00,-1.0,3453,3040,10.51,10.49,8.9,,2,,-99.0,352
17/03/25 20:30:32,080A,080A,2,-99.00,-1.0,3453,3028,10.51,10.49,7.9,,2,,-99.0,353
17/03/25 20:30:59,080A,080A,1,-99.00,-1.0,3597,3076,10.53,10.55,6.7,,2,,-99.0,354
17/03/25 20:31:26,080A,080A,1,-99.00,-1.0,3608,3086,10.52,10.55,7.6,,2,,-99.0,355
17/03/25 20:32:10,080A,080A,1,-99.00,-1.0,3618,3097,10.53,10.55,6.8,,2,,-99.0,356
17/03/25 20:32:18,080A,080A,2,-99.00,-1.0,3453,3062,10.53,10.55,8.6,,2,,-99.0,357
17/03/25 20:32:27,080A,080A,2,-99.00,-1.0,3639,3152,10.53,10.55,6.1,,2,,-99.0,358
17/03/25 20:32:36,080A,080A,2,-99.00,-1.0,3449,3030,10.53,10.55,8.7,,2,,-99.0,359
17/03/25 20:32:55,080A,080A,1,-99.00,-1.0,3470,3049,10.53,10.50,9.0,,2,,-99.0,360
17/03/25 20:33:03,080A,080A,2,-99.00,-1.0,3437,3040,10.53,10.50,8.9,,2,,-99.0,361
17/03/25 20:33:21,080A,080A,1,-99.00,-1.0,3451,3046,10.52,10.54,8.2,,2,,-99.0,362
17/03/25 20:33:51,080A,080A,1,-99.00,-1.0,3598,3084,10.53,10.55,8.1,,2,,-99.0,363
17/03/25 20:34:13,080A,080A,1,-99.00,-1.0,3477,3069,10.51,10.50,8.7,,2,,-99.0,364
17/03/25 20:34:39,080A,080A,1,-99.00,-1.0,3598,3078,10.53,10.54,7.3,,2,,-99.0,365
17/03/25 20:35:04,080A,080A,1,-99.00,-1.0,3609,3078,10.48,10.54,6.5,,2,,-99.0,366
17/03/25 20:35:20,080A,080A,1,-99.00,-1.0,3658,3183,10.45,10.52,6.1,,2,,-99.0,367
17/03/25 20:35:29,080A,080A,2,-99.00,-1.0,3447,3044,10.45,10.52,8.4,,2,,-99.0,368
17/03/25 20:35:37,080A,080A,2,-99.00,-1.0,3433,3031,10.45,10.52,7.5,,2,,-99.0,369
17/03/25 20:35:59,080A,080A,1,-99.00,-1.0,3466,3060,10.46,10.49,6.2,,2,,-99.0,370
17/03/25 20:36:08,080A,080A,2,-99.00,-1.0,3436,3040,10.46,10.49,9.0,,2,,-99.0,371
17/03/25 20:36:19,080A,080A,2,-99.00,-1.0,3443,3035,10.46,10.49,6.5,,2,,-99.0,372
17/03/25 20:36:27,080A,080A,2,-99.00,-1.0,3429,3025,10.46,10.49,6.4,,2,,-99.0,373
17/03/25 20:36:41,080A,080A,2,-99.00,-1.0,3449,3032,10.46,10.49,9.0,,2,,-99.0,374
17/03/25 20:36:50,080A,080A,2,-99.00,-1.0,3433,3023,10.46,10.49,9.0,,2,,-99.0,375
17/03/25 20:36:50,080A,080A,,,,,,,,,,,,,376,PIR or RFID reader exceeded 60 seconds - terminating
17/03/25 20:37:38,080A,080A,1,-99.00,-1.0,3603,3085,10.47,10.54,8.5,,2,,-99.0,376
17/03/25 20:37:57,080A,080A,1,-99.00,-1.0,3593,3077,10.53,10.52,6.4,,2,,-99.0,377
17/03/25 20:38:06,080A,080A,2,-99.00,-1.0,3452,3041,10.53,10.52,8.4,,2,,-99.0,378
17/03/25 20:38:36,080A,080A,1,-99.00,-1.0,3613,3084,10.48,10.54,6.5,,2,,-99.0,379
17/03/25 20:38:44,080A,080A,2,-99.00,-1.0,3461,3053,10.48,10.54,8.4,,2,,-99.0,380
17/03/25 20:38:56,080A,080A,2,-99.00,-1.0,3453,3043,10.48,10.54,6.4,,2,,-99.0,381
17/03/25 20:39:14,080A,080A,1,-99.00,-1.0,3475,3044,10.46,10.46,6.4,,2,,-99.0,382
17/03/25 20:39:33,080A,080A,1,-99.00,-1.0,3643,3165,10.44,10.49,6.1,,2,,-99.0,383
17/03/25 20:39:54,080A,080A,1,-99.00,-1.0,3472,3059,10.53,10.53,8.9,,2,,-99.0,384
17/03/25 20:40:09,080A,080A,2,-99.00,-1.0,3451,3054,10.53,10.53,7.1,,2,,-99.0,385
17/03/25 20:40:54,080A,080A,1,-99.00,-1.0,3615,3086,10.49,10.54,6.7,,2,,-99.0,386
17/03/25 20:41:14,080A,080A,1,-99.00,-1.0,3486,3068,10.45,10.53,7.8,,2,,-99.0,387
17/03/25 20:41:29,080A,080A,2,-99.00,-1.0,3457,3063,10.45,10.53,6.4,,2,,-99.0,388
17/03/25 20:42:03,080A,080A,1,-99.00,-1.0,3602,3085,10.52,10.54,8.4,,2,,-99.0,389
17/03/25 20:42:43,080A,080A,1,-99.00,-1.0,3613,3092,10.53,10.54,6.5,,2,,-99.0,390
17/03/25 20:42:52,080A,080A,2,-99.00,-1.0,3474,3063,10.53,10.54,8.1,,2,,-99.0,391
17/03/25 20:43:20,080A,080A,1,-99.00,-1.0,3606,3092,10.50,10.54,7.3,,2,,-99.0,392
17/03/25 20:43:57,080A,080A,1,-99.00,-1.0,3614,3087,10.50,10.53,8.3,,2,,-99.0,393
17/03/25 20:44:37,080A,080A,1,-99.00,-1.0,3616,3099,10.51,10.54,7.2,,2,,-99.0,394
17/03/25 20:44:47,080A,080A,2,-99.00,-1.0,3472,3063,10.51,10.54,8.7,,2,,-99.0,395
17/03/25 20:45:04,080A,080A,1,-99.00,-1.0,3473,3053,10.44,10.53,8.1,,2,,-99.0,396
17/03/25 20:45:23,080A,080A,1,-99.00,-1.0,3473,3062,10.44,10.47,6.8,,2,,-99.0,397
17/03/25 20:45:47,080A,080A,1,-99.00,-1.0,3484,3062,10.44,10.49,7.2,,2,,-99.0,398
17/03/25 20:46:04,080A,080A,1,-99.00,-1.0,3471,3050,10.49,10.45,6.4,,2,,-99.0,399
17/03/25 20:46:16,080A,080A,2,-99.00,-1.0,3452,3044,10.49,10.45,6.5,,2,,-99.0,400
17/03/25 20:47:18,080A,080A,1,-99.00,-1.0,3623,3098,10.49,10.53,6.4,,2,,-99.0,401
17/03/25 20:47:32,080A,080A,2,-99.00,-1.0,3469,3068,10.49,10.53,8.1,,2,,-99.0,402
17/03/25 20:47:40,080A,080A,2,-99.00,-1.0,3633,3157,10.49,10.53,5.8,,2,,-99.0,403
17/03/25 20:48:10,080A,080A,1,-99.00,-1.0,3602,3092,10.52,10.53,6.3,,2,,-99.0,404
17/03/25 20:48:32,080A,080A,1,-99.00,-1.0,3484,3068,10.52,10.48,8.6,,2,,-99.0,405
17/03/25 20:48:51,080A,080A,1,-99.00,-1.0,3465,3070,10.48,10.46,7.5,,2,,-99.0,406
17/03/25 20:49:00,080A,080A,2,-99.00,-1.0,3433,3041,10.48,10.46,8.4,,2,,-99.0,407
17/03/25 20:49:09,080A,080A,2,-99.00,-1.0,3433,3036,10.48,10.46,8.6,,2,,-99.0,408
17/03/25 20:49:35,080A,080A,1,-99.00,-1.0,3476,3068,10.48,10.53,8.1,,2,,-99.0,409
17/03/25 20:50:12,080A,080A,1,-99.00,-1.0,3608,3082,10.46,10.53,7.7,,2,,-99.0,410
17/03/25 20:50:32,080A,080A,1,-99.00,-1.0,3592,3078,10.50,10.53,6.9,,2,,-99.0,411
17/03/25 20:50:52,080A,080A,1,-99.00,-1.0,3462,3063,10.44,10.51,8.7,,2,,-99.0,412
17/03/25 20:51:05,080A,080A,2,-99.00,-1.0,3467,3046,10.44,10.51,6.9,,2,,-99.0,413
17/03/25 20:51:23,080A,080A,1,-99.00,-1.0,3651,3167,10.46,10.46,5.8,,2,,-99.0,414
17/03/25 20:51:35,080A,080A,2,-99.00,-1.0,3461,3046,10.46,10.46,8.3,,2,,-99.0,415
17/03/25 20:51:43,080A,080A,2,-99.00,-1.0,3421,3027,10.46,10.46,8.4,,2,,-99.0,416
17/03/25 20:51:58,080A,080A,2,-99.00,-1.0,3447,3026,10.46,10.46,8.6,,2,,-99.0,417
17/03/25 20:52:17,080A,080A,1,-99.00,-1.0,3454,3045,10.45,10.49,8.8,,2,,-99.0,418
17/03/25 20:52:29,080A,080A,2,-99.00,-1.0,3444,3045,10.45,10.49,7.4,,2,,-99.0,419
17/03/25 20:52:38,080A,080A,2,-99.00,-1.0,3429,3027,10.45,10.49,8.9,,2,,-99.0,420
17/03/25 20:52:51,080A,080A,2,-99.00,-1.0,3440,3038,10.45,10.49,7.2,,2,,-99.0,421
17/03/25 20:53:00,080A,080A,2,-99.00,-1.0,3412,3027,10.45,10.49,8.1,,2,,-99.0,422
17/03/25 20:53:24,080A,080A,1,-99.00,-1.0,3470,3054,10.45,10.51,8.0,,2,,-99.0,423
17/03/25 20:53:32,080A,080A,2,-99.00,-1.0,3439,3033,10.45,10.51,6.2,,2,,-99.0,424
17/03/25 20:53:50,080A,080A,1,-99.00,-1.0,3465,3040,10.52,10.46,8.8,,2,,-99.0,425
17/03/25 20:54:01,080A,080A,2,-99.00,-1.0,3454,3029,10.52,10.46,8.9,,2,,-99.0,426
17/03/25 20:54:23,080A,080A,1,-99.00,-1.0,3479,3053,10.49,10.47,6.4,,2,,-99.0,427
17/03/25 20:54:45,080A,080A,1,-99.00,-1.0,3667,3169,10.45,10.52,6.1,,2,,-99.0,428
17/03/25 20:54:53,080A,080A,2,-99.00,-1.0,3438,3042,10.45,10.52,7.6,,2,,-99.0,429
17/03/25 20:55:40,080A,080A,1,-99.00,-1.0,3609,3084,10.51,10.53,6.7,,2,,-99.0,430
17/03/25 20:55:50,080A,080A,2,-99.00,-1.0,3462,3061,10.51,10.53,6.5,,2,,-99.0,431
17/03/25 20:55:59,080A,080A,2,-99.00,-1.0,3627,3162,10.51,10.53,5.8,,2,,-99.0,432
17/03/25 20:56:59,080A,080A,1,-99.00,-1.0,3613,3096,10.47,10.53,8.0,,2,,-99.0,433
17/03/25 20:57:12,080A,080A,2,-99.00,-1.0,3578,3072,10.47,10.53,7.0,,2,,-99.0,434
17/03/25 20:57:28,080A,080A,1,-99.00,-1.0,3462,3052,10.43,10.43,6.1,,2,,-99.0,435
17/03/25 20:57:36,080A,080A,2,-99.00,-1.0,3422,3043,10.43,10.43,6.2,,2,,-99.0,436
17/03/25 20:57:49,080A,080A,2,-99.00,-1.0,3455,3037,10.43,10.43,6.5,,2,,-99.0,437
17/03/25 20:57:58,080A,080A,2,-99.00,-1.0,3426,3033,10.43,10.43,8.1,,2,,-99.0,438
17/03/25 20:58:07,080A,080A,2,-99.00,-1.0,3437,3026,10.43,10.43,6.4,,2,,-99.0,439
17/03/25 20:58:19,080A,080A,2,-99.00,-1.0,3440,3032,10.43,10.43,8.8,,2,,-99.0,440
17/03/25 20:58:19,080A,080A,,,,,,,,,,,,,441,PIR or RFID reader exceeded 60 seconds - terminating
17/03/25 20:58:35,080A,080A,1,-99.00,-1.0,3632,3152,10.46,10.46,5.9,,2,,-99.0,441
17/03/25 20:58:43,080A,080A,2,-99.00,-1.0,3419,3037,10.46,10.46,6.4,,2,,-99.0,442
17/03/25 20:58:53,080A,080A,2,-99.00,-1.0,3431,3020,10.46,10.46,8.3,,2,,-99.0,443
17/03/25 20:59:07,080A,080A,2,-99.00,-1.0,3639,3144,10.46,10.46,5.9,,2,,-99.0,444
17/03/25 20:59:15,080A,080A,2,-99.00,-1.0,3620,3148,10.46,10.46,6.0,,2,,-99.0,445
17/03/25 20:59:35,080A,080A,1,-99.00,-1.0,3461,3056,10.44,10.49,6.5,,2,,-99.0,446
17/03/25 20:59:51,080A,080A,1,-99.00,-1.0,3466,3045,10.45,10.42,6.9,,2,,-99.0,447
17/03/25 21:00:00,080A,080A,2,-99.00,-1.0,3443,3027,10.45,10.42,6.9,,2,,-99.0,448
17/03/25 21:00:09,080A,080A,2,-99.00,-1.0,3419,3028,10.45,10.42,8.4,,2,,-99.0,449
17/03/25 21:00:27,080A,080A,1,-99.00,-1.0,3463,3041,10.49,10.44,7.3,,2,,-99.0,450
17/03/25 21:00:56,080A,080A,1,-99.00,-1.0,3605,3073,10.50,10.53,8.4,,2,,-99.0,451
17/03/25 21:01:27,080A,080A,1,-99.00,-1.0,3604,3092,10.49,10.52,7.3,,2,,-99.0,452
17/03/25 21:02:01,080A,080A,1,-99.00,-1.0,3596,3088,10.46,10.52,8.3,,2,,-99.0,453
17/03/25 21:02:24,080A,080A,1,-99.00,-1.0,3598,3076,10.44,10.51,8.7,,2,,-99.0,454
17/03/25 21:02:35,080A,080A,2,-99.00,-1.0,3463,3043,10.44,10.51,8.4,,2,,-99.0,455
17/03/25 21:02:46,080A,080A,2,-99.00,-1.0,3644,3151,10.44,10.51,5.8,,2,,-99.0,456
17/03/25 21:03:02,080A,080A,1,-99.00,-1.0,3445,3041,10.46,10.43,8.3,,2,,-99.0,457
17/03/25 21:03:23,080A,080A,1,-99.00,-1.0,3468,3049,10.42,10.49,8.0,,2,,-99.0,458
17/03/25 21:04:00,080A,080A,1,-99.00,-1.0,3599,3084,10.51,10.52,7.5,,2,,-99.0,459
17/03/25 21:04:16,080A,080A,1,-99.00,-1.0,3458,3064,10.46,10.43,8.8,,2,,-99.0,460
17/03/25 21:04:25,080A,080A,2,-99.00,-1.0,3619,3155,10.46,10.43,6.0,,2,,-99.0,461
17/03/25 21:04:42,080A,080A,1,-99.00,-1.0,3650,3164,10.42,10.45,5.9,,2,,-99.0,462
17/03/25 21:04:55,080A,080A,2,-99.00,-1.0,3639,3171,10.42,10.45,5.9,,2,,-99.0,463
17/03/25 21:05:03,080A,080A,2,-99.00,-1.0,3439,3034,10.42,10.45,6.9,,2,,-99.0,464
17/03/25 21:05:11,080A,080A,2,-99.00,-1.0,3405,3020,10.42,10.45,8.1,,2,,-99.0,465
17/03/25 21:05:25,080A,080A,2,-99.00,-1.0,3453,3037,10.42,10.45,7.3,,2,,-99.0,466
17/03/25 21:05:33,080A,080A,2,-99.00,-1.0,3420,3028,10.42,10.45,6.8,,2,,-99.0,467
17/03/25 21:05:33,080A,080A,,,,,,,,,,,,,468,PIR or RFID reader exceeded 60 seconds - terminating
17/03/25 21:06:08,080A,080A,1,-99.00,-1.0,3486,3069,10.44,10.52,7.3,,2,,-99.0,468
17/03/25 21:06:21,080A,080A,2,-99.00,-1.0,3467,3052,10.44,10.52,8.6,,2,,-99.0,469
17/03/25 21:06:39,080A,080A,1,-99.00,-1.0,3472,3045,10.49,10.46,6.6,,2,,-99.0,470
17/03/25 21:06:47,080A,080A,2,-99.00,-1.0,3422,3039,10.49,10.46,8.3,,2,,-99.0,471
17/03/25 21:07:04,080A,080A,1,-99.00,-1.0,3467,3034,10.46,10.45,6.4,,2,,-99.0,472
17/03/25 21:07:26,080A,080A,1,-99.00,-1.0,3468,3043,10.42,10.47,7.9,,2,,-99.0,473
17/03/25 21:07:36,080A,080A,2,-99.00,-1.0,3439,3043,10.42,10.47,8.8,,2,,-99.0,474
17/03/25 21:07:48,080A,080A,2,-99.00,-1.0,3449,3039,10.42,10.47,7.9,,2,,-99.0,475
17/03/25 21:07:57,080A,080A,2,-99.00,-1.0,3421,3026,10.42,10.47,8.4,,2,,-99.0,476
17/03/25 21:08:20,080A,080A,1,-99.00,-1.0,3466,3046,10.47,10.50,8.4,,2,,-99.0,477
17/03/25 21:08:28,080A,080A,2,-99.00,-1.0,3635,3147,10.47,10.50,5.9,,2,,-99.0,478
17/03/25 21:08:39,080A,080A,2,-99.00,-1.0,3449,3045,10.47,10.50,6.5,,2,,-99.0,479
17/03/25 21:08:48,080A,080A,2,-99.00,-1.0,3431,3029,10.47,10.50,8.9,,2,,-99.0,480
17/03/25 21:09:15,080A,080A,1,-99.00,-1.0,3479,3058,10.44,10.51,7.5,,2,,-99.0,481
17/03/25 21:09:24,080A,080A,2,-99.00,-1.0,3439,3047,10.44,10.51,8.3,,2,,-99.0,482
17/03/25 21:09:36,080A,080A,2,-99.00,-1.0,3455,3032,10.44,10.51,7.9,,2,,-99.0,483
17/03/25 21:10:01,080A,080A,1,-99.00,-1.0,3475,3060,10.44,10.51,8.4,,2,,-99.0,484
17/03/25 21:10:20,080A,080A,1,-99.00,-1.0,3473,3050,10.44,10.44,8.5,,2,,-99.0,485
17/03/25 21:10:28,080A,080A,2,-99.00,-1.0,3442,3035,10.44,10.44,6.1,,2,,-99.0,486
17/03/25 21:10:38,080A,080A,2,-99.00,-1.0,3445,3021,10.44,10.44,7.5,,2,,-99.0,487
17/03/25 21:10:53,080A,080A,1,-99.00,-1.0,3452,3029,10.50,10.51,8.9,,2,,-99.0,488
17/03/25 21:11:04,080A,080A,2,-99.00,-1.0,3631,3140,10.50,10.51,6.0,,2,,-99.0,489
17/03/25 21:11:20,080A,080A,1,-99.00,-1.0,3462,3036,10.41,10.45,8.3,,2,,-99.0,490
17/03/25 21:11:28,080A,080A,2,-99.00,-1.0,3434,3018,10.41,10.45,7.3,,2,,-99.0,491
17/03/25 21:11:38,080A,080A,2,-99.00,-1.0,3636,3135,10.41,10.45,6.0,,2,,-99.0,492
17/03/25 21:11:59,080A,080A,1,-99.00,-1.0,3458,3049,10.46,10.46,8.5,,2,,-99.0,493
17/03/25 21:12:13,080A,080A,2,-99.00,-1.0,3447,3046,10.46,10.46,8.3,,2,,-99.0,494
17/03/25 21:12:42,080A,080A,1,-99.00,-1.0,3595,3079,10.49,10.51,7.2,,2,,-99.0,495
17/03/25 21:13:12,080A,080A,1,-99.00,-1.0,3601,3091,10.47,10.51,7.8,,2,,-99.0,496
17/03/25 21:13:41,080A,080A,1,-99.00,-1.0,3605,3087,10.44,10.51,8.3,,2,,-99.0,497
17/03/25 21:13:49,080A,080A,2,-99.00,-1.0,3630,3173,10.44,10.51,6.1,,2,,-99.0,498
17/03/25 21:13:58,080A,080A,2,-99.00,-1.0,3454,3039,10.44,10.51,8.1,,2,,-99.0,499
17/03/25 21:14:07,080A,080A,2,-99.00,-1.0,3431,3031,10.44,10.51,8.9,,2,,-99.0,500
17/03/25 21:14:20,080A,080A,2,-99.00,-1.0,3643,3145,10.44,10.51,5.9,,2,,-99.0,501
17/03/25 21:14:29,080A,080A,2,-99.00,-1.0,3635,3146,10.44,10.51,6.1,,2,,-99.0,502
17/03/25 21:14:39,080A,080A,2,-99.00,-1.0,3447,3035,10.44,10.51,6.4,,2,,-99.0,503
17/03/25 21:14:39,080A,080A,,,,,,,,,,,,,504,PIR or RFID reader exceeded 60 seconds - terminating
17/03/25 21:14:55,080A,080A,1,-99.00,-1.0,3468,3049,10.46,10.51,8.4,,2,,-99.0,504
17/03/25 21:15:04,080A,080A,2,-99.00,-1.0,3429,3039,10.46,10.51,8.1,,2,,-99.0,505
17/03/25 21:15:20,080A,080A,1,-99.00,-1.0,3466,3038,10.45,10.42,6.2,,2,,-99.0,506
17/03/25 21:15:32,080A,080A,2,-99.00,-1.0,3439,3030,10.45,10.42,8.9,,2,,-99.0,507
17/03/25 21:15:41,080A,080A,2,-99.00,-1.0,3441,3025,10.45,10.42,8.5,,2,,-99.0,508
17/03/25 21:15:59,080A,080A,1,-99.00,-1.0,3448,3034,10.41,10.49,9.0,,2,,-99.0,509
17/03/25 21:16:28,080A,080A,1,-99.00,-1.0,3594,3081,10.50,10.51,7.3,,2,,-99.0,510
17/03/25 21:16:52,080A,080A,1,-99.00,-1.0,3485,3069,10.44,10.50,6.9,,2,,-99.0,511
17/03/25 21:17:05,080A,080A,2,-99.00,-1.0,3456,3059,10.44,10.50,7.3,,2,,-99.0,512
17/03/25 21:17:14,080A,080A,2,-99.00,-1.0,3616,3144,10.44,10.50,6.0,,2,,-99.0,513
17/03/25 21:17:23,080A,080A,2,-99.00,-1.0,3445,3035,10.44,10.50,6.1,,2,,-99.0,514
17/03/25 21:17:41,080A,080A,1,-99.00,-1.0,3655,3151,10.41,10.51,6.1,,2,,-99.0,515
17/03/25 21:17:56,080A,080A,2,-99.00,-1.0,3449,3050,10.41,10.51,6.2,,2,,-99.0,516
17/03/25 21:18:13,080A,080A,1,-99.00,-1.0,3454,3040,10.43,10.48,6.2,,2,,-99.0,517
17/03/25 21:18:22,080A,080A,2,-99.00,-1.0,3423,3029,10.43,10.48,6.8,,2,,-99.0,518
17/03/25 21:18:29,080A,080A,2,-99.00,-1.0,3397,3025,10.43,10.48,8.3,,2,,-99.0,519
17/03/25 21:18:51,080A,080A,1,-99.00,-1.0,3642,3165,10.43,10.48,6.1,,2,,-99.0,520
17/03/25 21:19:03,080A,080A,2,-99.00,-1.0,3640,3161,10.43,10.48,6.0,,2,,-99.0,521
17/03/25 21:19:20,080A,080A,1,-99.00,-1.0,3639,3162,10.41,10.43,6.1,,2,,-99.0,522
17/03/25 21:19:29,080A,080A,2,-99.00,-1.0,3459,3031,10.41,10.43,9.0,,2,,-99.0,523
17/03/25 21:19:47,080A,080A,1,-99.00,-1.0,3456,3041,10.50,10.43,8.6,,2,,-99.0,524
17/03/25 21:20:05,080A,080A,1,-99.00,-1.0,3453,3043,10.48,10.46,7.5,,2,,-99.0,525
17/03/25 21:20:18,080A,080A,2,-99.00,-1.0,3439,3040,10.48,10.46,7.9,,2,,-99.0,526
17/03/25 21:20:44,080A,080A,1,-99.00,-1.0,3473,3061,10.46,10.50,6.5,,2,,-99.0,527
17/03/25 21:20:52,080A,080A,2,-99.00,-1.0,3446,3045,10.46,10.50,7.5,,2,,-99.0,528
17/03/25 21:21:01,080A,080A,2,-99.00,-1.0,3440,3023,10.46,10.50,8.6,,2,,-99.0,529
17/03/25 21:21:25,080A,080A,1,-99.00,-1.0,3474,3064,10.48,10.50,6.5,,2,,-99.0,530
17/03/25 21:21:35,080A,080A,2,-99.00,-1.0,3448,3042,10.48,10.50,6.4,,2,,-99.0,531
17/03/25 21:21:43,080A,080A,2,-99.00,-1.0,3423,3027,10.48,10.50,8.9,,2,,-99.0,532
17/03/25 21:22:04,080A,080A,1,-99.00,-1.0,3467,3048,10.46,10.45,8.3,,2,,-99.0,533
17/03/25 21:22:18,080A,080A,2,-99.00,-1.0,3445,3030,10.46,10.45,9.0,,2,,-99.0,534
17/03/25 21:22:27,080A,080A,2,-99.00,-1.0,3444,3032,10.46,10.45,7.8,,2,,-99.0,535
17/03/25 21:23:05,080A,080A,1,-99.00,-1.0,3480,3069,10.43,10.51,8.3,,2,,-99.0,536
17/03/25 21:23:32,080A,080A,1,-99.00,-1.0,3608,3091,10.47,10.51,6.5,,2,,-99.0,537
17/03/25 21:23:51,080A,080A,1,-99.00,-1.0,3481,3061,10.43,10.43,6.2,,2,,-99.0,538
17/03/25 21:23:59,080A,080A,2,-99.00,-1.0,3447,3034,10.43,10.43,7.8,,2,,-99.0,539
17/03/25 21:24:20,080A,080A,1,-99.00,-1.0,3472,3049,10.50,10.46,8.8,,2,,-99.0,540
17/03/25 21:24:37,080A,080A,1,-99.00,-1.0,3467,3042,10.46,10.44,9.0,,2,,-99.0,541
17/03/25 21:24:52,080A,080A,2,-99.00,-1.0,3454,3034,10.46,10.44,8.0,,2,,-99.0,542
17/03/25 21:25:01,080A,080A,2,-99.00,-1.0,3449,3022,10.46,10.44,6.6,,2,,-99.0,543
17/03/25 21:25:09,080A,080A,2,-99.00,-1.0,3395,3019,10.46,10.44,9.0,,2,,-99.0,544
17/03/25 21:25:21,080A,080A,2,-99.00,-1.0,3454,3024,10.46,10.44,7.0,,2,,-99.0,545
17/03/25 21:25:29,080A,080A,2,-99.00,-1.0,3420,3006,10.46,10.44,8.7,,2,,-99.0,546
17/03/25 21:25:29,080A,080A,,,,,,,,,,,,,547,PIR or RFID reader exceeded 60 seconds - terminating
17/03/25 21:25:49,080A,080A,1,-99.00,-1.0,3462,3046,10.42,10.48,7.2,,2,,-99.0,547
17/03/25 21:26:01,080A,080A,2,-99.00,-1.0,3443,3044,10.42,10.48,8.7,,2,,-99.0,548
17/03/25 21:26:13,080A,080A,2,-99.00,-1.0,3442,3035,10.42,10.48,8.4,,2,,-99.0,549
17/03/25 21:26:37,080A,080A,1,-99.00,-1.0,3477,3053,10.49,10.49,7.6,,2,,-99.0,550
17/03/25 21:26:50,080A,080A,2,-99.00,-1.0,3451,3047,10.49,10.49,6.4,,2,,-99.0,551
17/03/25 21:27:07,080A,080A,1,-99.00,-1.0,3456,3034,10.45,10.41,8.3,,2,,-99.0,552
17/03/25 21:27:22,080A,080A,2,-99.00,-1.0,3450,3034,10.45,10.41,7.5,,2,,-99.0,553
17/03/25 21:27:46,080A,080A,1,-99.00,-1.0,3474,3056,10.43,10.49,7.0,,2,,-99.0,554
17/03/25 21:28:17,080A,080A,1,-99.00,-1.0,3599,3083,10.44,10.50,8.4,,2,,-99.0,555
17/03/25 21:28:43,080A,080A,1,-99.00,-1.0,3609,3079,10.43,10.50,7.6,,2,,-99.0,556
17/03/25 21:29:12,080A,080A,1,-99.00,-1.0,3607,3087,10.46,10.51,6.5,,2,,-99.0,557
17/03/25 21:29:29,080A,080A,1,-99.00,-1.0,3472,3057,10.49,10.50,8.3,,2,,-99.0,558
17/03/25 21:29:54,080A,080A,1,-99.00,-1.0,3480,3069,10.48,10.50,6.5,,2,,-99.0,559
17/03/25 21:30:08,080A,080A,2,-99.00,-1.0,3447,3056,10.48,10.50,8.6,,2,,-99.0,560
17/03/25 21:30:25,080A,080A,1,-99.00,-1.0,3460,3041,10.49,10.50,6.2,,2,,-99.0,561
17/03/25 21:30:33,080A,080A,2,-99.00,-1.0,3623,3138,10.49,10.50,6.1,,2,,-99.0,562
17/03/25 21:30:58,080A,080A,1,-99.00,-1.0,3466,3064,10.44,10.49,8.1,,2,,-99.0,563
17/03/25 21:31:42,080A,080A,1,-99.00,-1.0,3610,3083,10.44,10.50,8.1,,2,,-99.0,564
17/03/25 21:32:02,080A,080A,1,-99.00,-1.0,3593,3083,10.48,10.46,6.4,,2,,-99.0,565
17/03/25 21:32:26,080A,080A,1,-99.00,-1.0,3609,3074,10.48,10.49,6.6,,2,,-99.0,566
17/03/25 21:32:37,080A,080A,2,-99.00,-1.0,3468,3055,10.48,10.49,7.5,,2,,-99.0,567
17/03/25 21:32:46,080A,080A,2,-99.00,-1.0,3434,3031,10.48,10.49,6.2,,2,,-99.0,568
17/03/25 21:32:59,080A,080A,2,-99.00,-1.0,3451,3039,10.48,10.49,7.4,,2,,-99.0,569
17/03/25 21:33:59,080A,080A,1,-99.00,-1.0,3605,3091,10.43,10.51,7.9,,2,,-99.0,570
17/03/25 21:34:09,080A,080A,2,-99.00,-1.0,3454,3066,10.43,10.51,8.5,,2,,-99.0,571
17/03/25 21:34:18,080A,080A,2,-99.00,-1.0,3451,3043,10.43,10.51,7.0,,2,,-99.0,572
17/03/25 21:34:47,080A,080A,1,-99.00,-1.0,3598,3082,10.49,10.50,7.6,,2,,-99.0,573
17/03/25 21:34:56,080A,080A,2,-99.00,-1.0,3456,3044,10.49,10.50,8.2,,2,,-99.0,574
17/03/25 21:35:05,080A,080A,2,-99.00,-1.0,3437,3026,10.49,10.50,8.4,,2,,-99.0,575
17/03/25 21:35:14,080A,080A,2,-99.00,-1.0,3451,3040,10.49,10.50,6.5,,2,,-99.0,576
17/03/25 21:35:34,080A,080A,1,-99.00,-1.0,3656,3158,10.45,10.47,6.1,,2,,-99.0,577
17/03/25 21:36:17,080A,080A,1,-99.00,-1.0,3604,3086,10.43,10.50,8.3,,2,,-99.0,578
17/03/25 21:36:25,080A,080A,2,-99.00,-1.0,3447,3067,10.43,10.50,6.5,,2,,-99.0,579
17/03/25 21:36:42,080A,080A,1,-99.00,-1.0,3470,3045,10.45,10.48,7.6,,2,,-99.0,580
17/03/25 21:36:55,080A,080A,2,-99.00,-1.0,3647,3153,10.45,10.48,6.1,,2,,-99.0,581
17/03/25 21:37:07,080A,080A,2,-99.00,-1.0,3454,3053,10.45,10.48,6.2,,2,,-99.0,582
17/03/25 21:37:24,080A,080A,1,-99.00,-1.0,3461,3042,10.43,10.44,7.5,,2,,-99.0,583
17/03/25 21:37:53,080A,080A,1,-99.00,-1.0,3608,3076,10.47,10.50,6.6,,2,,-99.0,584
17/03/25 21:38:15,080A,080A,1,-99.00,-1.0,3466,3062,10.47,10.44,8.1,,2,,-99.0,585
17/03/25 21:38:40,080A,080A,1,-99.00,-1.0,3480,3062,10.46,10.49,8.4,,2,,-99.0,586
17/03/25 21:38:52,080A,080A,2,-99.00,-1.0,3459,3045,10.46,10.49,9.0,,2,,-99.0,587
17/03/25 21:39:01,080A,080A,2,-99.00,-1.0,3449,3029,10.46,10.49,6.5,,2,,-99.0,588
17/03/25 21:39:15,080A,080A,2,-99.00,-1.0,3631,3154,10.46,10.49,6.1,,2,,-99.0,589
17/03/25 21:39:24,080A,080A,2,-99.00,-1.0,3441,3026,10.46,10.49,8.9,,2,,-99.0,590
17/03/25 21:39:42,080A,080A,1,-99.00,-1.0,3469,3034,10.48,10.45,6.2,,2,,-99.0,591
17/03/25 21:39:59,080A,080A,1,-99.00,-1.0,3455,3039,10.46,10.44,9.0,,2,,-99.0,592
17/03/25 21:40:07,080A,080A,2,-99.00,-1.0,3441,3021,10.46,10.44,9.0,,2,,-99.0,593
17/03/25 21:40:25,080A,080A,1,-99.00,-1.0,3464,3023,10.39,10.43,8.9,,2,,-99.0,594
17/03/25 21:40:34,080A,080A,2,-99.00,-1.0,3454,3028,10.39,10.43,8.3,,2,,-99.0,595
17/03/25 21:40:51,080A,080A,1,-99.00,-1.0,3453,3036,10.40,10.41,8.3,,2,,-99.0,596
17/03/25 21:41:02,080A,080A,2,-99.00,-1.0,3440,3034,10.40,10.41,9.0,,2,,-99.0,597
17/03/25 21:41:11,080A,080A,2,-99.00,-1.0,3433,3031,10.40,10.41,6.7,,2,,-99.0,598
17/03/25 21:41:26,080A,080A,1,-99.00,-1.0,3438,3033,10.41,10.41,9.0,,2,,-99.0,599
17/03/25 21:41:45,080A,080A,1,-99.00,-1.0,3463,3030,10.39,10.45,8.4,,2,,-99.0,600
17/03/25 21:41:57,080A,080A,2,-99.00,-1.0,3445,3036,10.39,10.45,8.9,,2,,-99.0,601
17/03/25 21:42:25,080A,080A,1,-99.00,-1.0,3474,3068,10.44,10.49,6.7,,2,,-99.0,602
17/03/25 21:43:13,080A,080A,1,-99.00,-1.0,3615,3098,10.42,10.49,6.7,,2,,-99.0,603
17/03/25 21:43:46,080A,080A,1,-99.00,-1.0,3620,3094,10.48,10.49,6.6,,2,,-99.0,604
17/03/25 21:43:57,080A,080A,2,-99.00,-1.0,3466,3063,10.48,10.49,6.9,,2,,-99.0,605
17/03/25 21:44:15,080A,080A,1,-99.00,-1.0,3459,3043,10.41,10.49,8.5,,2,,-99.0,606
17/03/25 21:44:46,080A,080A,1,-99.00,-1.0,3610,3080,10.43,10.49,8.4,,2,,-99.0,607
17/03/25 21:45:07,080A,080A,1,-99.00,-1.0,3470,3069,10.39,10.46,8.9,,2,,-99.0,608
17/03/25 21:45:30,080A,080A,1,-99.00,-1.0,3476,3066,10.41,10.45,8.9,,2,,-99.0,609
17/03/25 21:45:45,080A,080A,2,-99.00,-1.0,3455,3054,10.41,10.45,8.4,,2,,-99.0,610
17/03/25 21:45:59,080A,080A,2,-99.00,-1.0,3647,3153,10.41,10.45,6.1,,2,,-99.0,611
17/03/25 21:46:14,080A,080A,2,-99.00,-1.0,3457,3033,10.41,10.45,8.4,,2,,-99.0,612
17/03/25 21:46:28,080A,080A,2,-99.00,-1.0,3449,3038,10.41,10.45,7.8,,2,,-99.0,613
17/03/25 21:46:28,080A,080A,,,,,,,,,,,,,614,PIR or RFID reader exceeded 60 seconds - terminating
17/03/25 21:46:51,080A,080A,1,-99.00,-1.0,3479,3059,10.43,10.49,8.4,,2,,-99.0,614
17/03/25 21:47:09,080A,080A,1,-99.00,-1.0,3458,3062,10.43,10.48,8.1,,2,,-99.0,615
17/03/25 21:47:23,080A,080A,2,-99.00,-1.0,3466,3043,10.43,10.48,6.4,,2,,-99.0,616
17/03/25 21:47:36,080A,080A,2,-99.00,-1.0,3445,3040,10.43,10.48,6.4,,2,,-99.0,617
17/03/25 21:48:10,080A,080A,1,-99.00,-1.0,3599,3072,10.43,10.49,8.1,,2,,-99.0,618
17/03/25 21:48:22,080A,080A,2,-99.00,-1.0,3450,3059,10.43,10.49,8.0,,2,,-99.0,619
17/03/25 21:48:50,080A,080A,1,-99.00,-1.0,3601,3078,10.48,10.49,7.0,,2,,-99.0,620
17/03/25 21:48:57,080A,080A,2,-99.00,-1.0,3638,3160,10.48,10.49,6.1,,2,,-99.0,621
17/03/25 21:49:21,080A,080A,1,-99.00,-1.0,3479,3069,10.48,10.48,8.2,,2,,-99.0,622
17/03/25 21:49:39,080A,080A,1,-99.00,-1.0,3459,3038,10.48,10.41,8.8,,2,,-99.0,623
17/03/25 21:49:47,080A,080A,2,-99.00,-1.0,3642,3145,10.48,10.41,6.1,,2,,-99.0,624
17/03/25 21:49:59,080A,080A,2,-99.00,-1.0,3446,3045,10.48,10.41,7.1,,2,,-99.0,625
17/03/25 21:50:08,080A,080A,2,-99.00,-1.0,3449,3022,10.48,10.41,6.3,,2,,-99.0,626
17/03/25 21:50:19,080A,080A,2,-99.00,-1.0,3456,3027,10.48,10.41,7.0,,2,,-99.0,627
17/03/25 21:50:34,080A,080A,2,-99.00,-1.0,3435,3035,10.48,10.41,9.0,,2,,-99.0,628
17/03/25 21:50:34,080A,080A,,,,,,,,,,,,,629,PIR or RFID reader exceeded 60 seconds - terminating
17/03/25 21:51:01,080A,080A,1,-99.00,-1.0,3485,3067,10.46,10.49,6.7,,2,,-99.0,629
17/03/25 21:51:09,080A,080A,2,-99.00,-1.0,3441,3051,10.46,10.49,7.9,,2,,-99.0,630
17/03/25 21:51:19,080A,080A,2,-99.00,-1.0,3445,3028,10.46,10.49,8.9,,2,,-99.0,631
17/03/25 21:51:48,080A,080A,1,-99.00,-1.0,3607,3073,10.41,10.49,7.0,,2,,-99.0,632
17/03/25 21:52:02,080A,080A,2,-99.00,-1.0,3449,3061,10.41,10.49,7.6,,2,,-99.0,633
17/03/25 21:52:25,080A,080A,1,-99.00,-1.0,3469,3054,10.46,10.47,7.8,,2,,-99.0,634
17/03/25 21:52:54,080A,080A,1,-99.00,-1.0,3606,3075,10.42,10.49,7.8,,2,,-99.0,635
17/03/25 21:53:15,080A,080A,1,-99.00,-1.0,3669,3194,10.43,10.49,6.0,,2,,-99.0,636
17/03/25 21:53:23,080A,080A,2,-99.00,-1.0,3439,3056,10.43,10.49,6.9,,2,,-99.0,637
17/03/25 21:53:32,080A,080A,2,-99.00,-1.0,3434,3035,10.43,10.49,8.9,,2,,-99.0,638
17/03/25 21:53:54,080A,080A,1,-99.00,-1.0,3466,3058,10.39,10.46,8.6,,2,,-99.0,639
17/03/25 21:54:03,080A,080A,2,-99.00,-1.0,3445,3040,10.39,10.46,7.8,,2,,-99.0,640
17/03/25 21:54:25,080A,080A,1,-99.00,-1.0,3474,3055,10.46,10.48,8.7,,2,,-99.0,641
17/03/25 21:54:37,080A,080A,2,-99.00,-1.0,3456,3055,10.46,10.48,6.3,,2,,-99.0,642
17/03/25 21:54:56,080A,080A,1,-99.00,-1.0,3455,3049,10.48,10.46,7.9,,2,,-99.0,643
17/03/25 21:55:11,080A,080A,2,-99.00,-1.0,3448,3049,10.48,10.46,7.3,,2,,-99.0,644
17/03/25 21:55:30,080A,080A,1,-99.00,-1.0,3456,3031,10.48,10.44,9.1,,2,,-99.0,645
17/03/25 21:55:39,080A,080A,2,-99.00,-1.0,3442,3040,10.48,10.44,6.4,,2,,-99.0,646
17/03/25 21:55:49,080A,080A,2,-99.00,-1.0,3446,3034,10.48,10.44,6.2,,2,,-99.0,647
17/03/25 21:56:02,080A,080A,2,-99.00,-1.0,3454,3027,10.48,10.44,6.6,,2,,-99.0,648
17/03/25 21:56:19,080A,080A,1,-99.00,-1.0,3466,3047,10.48,10.47,6.2,,2,,-99.0,649
17/03/25 21:56:56,080A,080A,1,-99.00,-1.0,3484,3068,10.47,10.48,8.6,,2,,-99.0,650
17/03/25 21:57:07,080A,080A,2,-99.00,-1.0,3469,3052,10.47,10.48,8.1,,2,,-99.0,651
17/03/25 21:57:22,080A,080A,2,-99.00,-1.0,3459,3035,10.47,10.48,9.0,,2,,-99.0,652
17/03/25 21:58:04,080A,080A,1,-99.00,-1.0,3600,3086,10.48,10.49,7.2,,2,,-99.0,653
17/03/25 21:58:13,080A,080A,2,-99.00,-1.0,3464,3054,10.48,10.49,9.0,,2,,-99.0,654
17/03/25 21:58:23,080A,080A,2,-99.00,-1.0,3447,3045,10.48,10.49,6.2,,2,,-99.0,655
17/03/25 21:58:42,080A,080A,1,-99.00,-1.0,3460,3051,10.39,10.44,9.0,,2,,-99.0,656
17/03/25 21:58:59,080A,080A,1,-99.00,-1.0,3463,3037,10.39,10.44,8.4,,2,,-99.0,657
17/03/25 21:59:15,080A,080A,1,-99.00,-1.0,3467,3037,10.42,10.47,6.4,,2,,-99.0,658
17/03/25 21:59:23,080A,080A,2,-99.00,-1.0,3413,3035,10.42,10.47,7.8,,2,,-99.0,659
17/03/25 21:59:33,080A,080A,2,-99.00,-1.0,3456,3025,10.42,10.47,6.7,,2,,-99.0,660
17/03/25 21:59:55,080A,080A,1,-99.00,-1.0,3471,3052,10.39,10.48,8.0,,2,,-99.0,661
17/03/25 22:00:40,080A,080A,1,-99.00,-1.0,3602,3082,10.47,10.48,7.7,,2,,-99.0,662
17/03/25 22:00:47,080A,080A,2,-99.00,-1.0,3441,3060,10.47,10.48,8.5,,2,,-99.0,663
17/03/25 22:01:33,080A,080A,1,-99.00,-1.0,3604,3094,10.46,10.48,7.3,,2,,-99.0,664
17/03/25 22:01:41,080A,080A,2,-99.00,-1.0,3465,3060,10.46,10.48,8.9,,2,,-99.0,665
17/03/25 22:02:07,080A,080A,1,-99.00,-1.0,3606,3077,10.47,10.48,6.5,,2,,-99.0,666
17/03/25 22:02:15,080A,080A,2,-99.00,-1.0,3454,3049,10.47,10.48,6.2,,2,,-99.0,667
17/03/25 22:02:26,080A,080A,2,-99.00,-1.0,3448,3045,10.47,10.48,6.3,,2,,-99.0,668
17/03/25 22:02:36,080A,080A,2,-99.00,-1.0,3635,3140,10.47,10.48,6.1,,2,,-99.0,669
17/03/25 22:02:50,080A,080A,2,-99.00,-1.0,3449,3040,10.47,10.48,6.8,,2,,-99.0,670
17/03/25 22:02:59,080A,080A,2,-99.00,-1.0,3432,3023,10.47,10.48,8.9,,2,,-99.0,671
17/03/25 22:02:59,080A,080A,,,,,,,,,,,,,672,PIR or RFID reader exceeded 60 seconds - terminating
17/03/25 22:03:14,080A,080A,1,-99.00,-1.0,3443,3034,10.48,10.41,7.9,,2,,-99.0,672
17/03/25 22:03:39,080A,080A,1,-99.00,-1.0,3473,3069,10.47,10.48,7.0,,2,,-99.0,673
17/03/25 22:04:20,080A,080A,1,-99.00,-1.0,3607,3087,10.47,10.48,8.4,,2,,-99.0,674
17/03/25 22:04:37,080A,080A,1,-99.00,-1.0,3462,3067,10.39,10.39,8.7,,2,,-99.0,675
17/03/25 22:04:46,080A,080A,2,-99.00,-1.0,3440,3042,10.39,10.39,8.2,,2,,-99.0,676
17/03/25 22:05:04,080A,080A,1,-99.00,-1.0,3466,3044,10.47,10.45,6.3,,2,,-99.0,677
17/03/25 22:05:18,080A,080A,2,-99.00,-1.0,3462,3035,10.47,10.45,7.1,,2,,-99.0,678
17/03/25 22:05:43,080A,080A,1,-99.00,-1.0,3471,3062,10.44,10.48,8.5,,2,,-99.0,679
17/03/25 22:05:56,080A,080A,2,-99.00,-1.0,3449,3045,10.44,10.48,9.0,,2,,-99.0,680
17/03/25 22:06:10,080A,080A,2,-99.00,-1.0,3458,3030,10.44,10.48,8.8,,2,,-99.0,681
17/03/25 22:06:28,080A,080A,1,-99.00,-1.0,3457,3042,10.46,10.43,8.3,,2,,-99.0,682
17/03/25 22:07:01,080A,080A,1,-99.00,-1.0,3594,3079,10.40,10.48,8.4,,2,,-99.0,683
17/03/25 22:07:16,080A,080A,2,-99.00,-1.0,3450,3061,10.40,10.48,8.7,,2,,-99.0,684
17/03/25 22:07:24,080A,080A,2,-99.00,-1.0,3441,3037,10.40,10.48,9.0,,2,,-99.0,685
17/03/25 22:07:44,080A,080A,1,-99.00,-1.0,3456,3049,10.46,10.45,7.8,,2,,-99.0,686
17/03/25 22:08:20,080A,080A,1,-99.00,-1.0,3597,3082,10.46,10.48,7.5,,2,,-99.0,687
17/03/25 22:08:44,080A,080A,1,-99.00,-1.0,3606,3082,10.46,10.47,6.7,,2,,-99.0,688
17/03/25 22:09:15,080A,080A,1,-99.00,-1.0,3610,3094,10.46,10.48,8.0,,2,,-99.0,689
17/03/25 22:09:38,080A,080A,1,-99.00,-1.0,3665,3190,10.39,10.48,6.0,,2,,-99.0,690
17/03/25 22:09:46,080A,080A,2,-99.00,-1.0,3451,3055,10.39,10.48,8.1,,2,,-99.0,691
17/03/25 22:09:58,080A,080A,2,-99.00,-1.0,3453,3043,10.39,10.48,6.2,,2,,-99.0,692
17/03/25 22:10:24,080A,080A,1,-99.00,-1.0,3476,3068,10.41,10.48,6.8,,2,,-99.0,693
17/03/25 22:10:39,080A,080A,2,-99.00,-1.0,3465,3049,10.41,10.48,9.0,,2,,-99.0,694
17/03/25 22:11:17,080A,080A,1,-99.00,-1.0,3608,3079,10.41,10.48,8.1,,2,,-99.0,695
17/03/25 22:11:30,080A,080A,2,-99.00,-1.0,3659,3179,10.41,10.48,5.9,,2,,-99.0,696
17/03/25 22:11:55,080A,080A,1,-99.00,-1.0,3483,3067,10.40,10.47,8.3,,2,,-99.0,697
17/03/25 22:12:25,080A,080A,1,-99.00,-1.0,3605,3094,10.43,10.48,7.3,,2,,-99.0,698
17/03/25 22:12:34,080A,080A,2,-99.00,-1.0,3457,3069,10.43,10.48,6.2,,2,,-99.0,699
17/03/25 22:12:44,080A,080A,2,-99.00,-1.0,3448,3029,10.43,10.48,7.4,,2,,-99.0,700
17/03/25 22:13:00,080A,080A,1,-99.00,-1.0,3459,3028,10.38,10.42,8.4,,2,,-99.0,701
17/03/25 22:13:08,080A,080A,2,-99.00,-1.0,3445,3034,10.38,10.42,7.3,,2,,-99.0,702
17/03/25 22:13:17,080A,080A,2,-99.00,-1.0,3414,3021,10.38,10.42,8.7,,2,,-99.0,703
17/03/25 22:14:00,080A,080A,1,-99.00,-1.0,3602,3082,10.43,10.48,8.4,,2,,-99.0,704
17/03/25 22:14:08,080A,080A,2,-99.00,-1.0,3460,3048,10.43,10.48,8.6,,2,,-99.0,705
17/03/25 22:14:53,080A,080A,1,-99.00,-1.0,3607,3091,10.40,10.48,6.4,,2,,-99.0,706
17/03/25 22:15:53,080A,080A,1,-99.00,-1.0,3619,3103,10.43,10.48,6.5,,2,,-99.0,707
17/03/25 22:16:13,080A,080A,1,-99.00,-1.0,3602,3091,10.40,10.45,6.7,,2,,-99.0,708
17/03/25 22:16:49,080A,080A,1,-99.00,-1.0,3618,3098,10.40,10.48,7.2,,2,,-99.0,709
17/03/25 22:17:00,080A,080A,2,-99.00,-1.0,3651,3189,10.40,10.48,5.9,,2,,-99.0,710
17/03/25 22:18:02,080A,080A,1,-99.00,-1.0,3623,3099,10.41,10.48,7.8,,2,,-99.0,711
17/03/25 22:18:23,080A,080A,1,-99.00,-1.0,3601,3083,10.44,10.42,8.7,,2,,-99.0,712
17/03/25 22:18:31,080A,080A,2,-99.00,-1.0,3437,3056,10.44,10.42,8.6,,2,,-99.0,713
17/03/25 22:18:45,080A,080A,2,-99.00,-1.0,3448,3053,10.44,10.42,8.2,,2,,-99.0,714
17/03/25 22:19:06,080A,080A,1,-99.00,-1.0,3654,3176,10.46,10.42,5.9,,2,,-99.0,715
17/03/25 22:19:18,080A,080A,2,-99.00,-1.0,3448,3058,10.46,10.42,7.5,,2,,-99.0,716
17/03/25 22:19:50,080A,080A,1,-99.00,-1.0,3598,3089,10.45,10.47,6.9,,2,,-99.0,717
17/03/25 22:20:04,080A,080A,2,-99.00,-1.0,3649,3184,10.45,10.47,6.1,,2,,-99.0,718
17/03/25 22:20:16,080A,080A,2,-99.00,-1.0,3457,3058,10.45,10.47,6.4,,2,,-99.0,719
17/03/25 22:20:29,080A,080A,2,-99.00,-1.0,3446,3031,10.45,10.47,8.1,,2,,-99.0,720
17/03/25 22:20:49,080A,080A,1,-99.00,-1.0,3657,3175,10.46,10.41,6.1,,2,,-99.0,721
17/03/25 22:21:00,080A,080A,2,-99.00,-1.0,3461,3052,10.46,10.41,8.5,,2,,-99.0,722
17/03/25 22:21:11,080A,080A,2,-99.00,-1.0,3449,3030,10.46,10.41,8.6,,2,,-99.0,723
17/03/25 22:21:30,080A,080A,1,-99.00,-1.0,3644,3163,10.41,10.44,5.8,,2,,-99.0,724
17/03/25 22:21:52,080A,080A,1,-99.00,-1.0,3473,3053,10.46,10.45,8.2,,2,,-99.0,725
17/03/25 22:22:08,080A,080A,1,-99.00,-1.0,3460,3035,10.37,10.44,8.5,,2,,-99.0,726
17/03/25 22:22:33,080A,080A,1,-99.00,-1.0,3470,3069,10.44,10.46,8.1,,2,,-99.0,727
17/03/25 22:22:40,080A,080A,2,-99.00,-1.0,3422,3050,10.44,10.46,6.7,,2,,-99.0,728
17/03/25 22:23:01,080A,080A,1,-99.00,-1.0,3652,3165,10.46,10.46,5.9,,2,,-99.0,729
17/03/25 22:23:14,080A,080A,2,-99.00,-1.0,3458,3049,10.46,10.46,8.6,,2,,-99.0,730
17/03/25 22:23:23,080A,080A,2,-99.00,-1.0,3434,3037,10.46,10.46,8.2,,2,,-99.0,731
17/03/25 22:23:40,080A,080A,1,-99.00,-1.0,3463,3032,10.39,10.47,8.3,,2,,-99.0,732
17/03/25 22:24:06,080A,080A,1,-99.00,-1.0,3476,3071,10.45,10.47,7.9,,2,,-99.0,733
17/03/25 22:24:25,080A,080A,1,-99.00,-1.0,3650,3169,10.43,10.47,5.8,,2,,-99.0,734
17/03/25 22:24:38,080A,080A,2,-99.00,-1.0,3465,3050,10.43,10.47,7.5,,2,,-99.0,735
17/03/25 22:25:03,080A,080A,1,-99.00,-1.0,3471,3058,10.41,10.46,8.3,,2,,-99.0,736
17/03/25 22:25:16,080A,080A,2,-99.00,-1.0,3461,3046,10.41,10.46,7.5,,2,,-99.0,737
17/03/25 22:25:47,080A,080A,1,-99.00,-1.0,3604,3081,10.46,10.47,8.0,,2,,-99.0,738
17/03/25 22:25:56,080A,080A,2,-99.00,-1.0,3449,3057,10.46,10.47,7.2,,2,,-99.0,739
17/03/25 22:26:04,080A,080A,2,-99.00,-1.0,3609,3147,10.46,10.47,5.8,,2,,-99.0,740
17/03/25 22:26:19,080A,080A,2,-99.00,-1.0,3453,3042,10.46,10.47,6.2,,2,,-99.0,741
17/03/25 22:26:27,080A,080A,2,-99.00,-1.0,3624,3142,10.46,10.47,6.0,,2,,-99.0,742
17/03/25 22:26:51,080A,080A,1,-99.00,-1.0,3470,3060,10.43,10.45,8.3,,2,,-99.0,743
17/03/25 22:26:59,080A,080A,2,-99.00,-1.0,3414,3042,10.43,10.45,8.0,,2,,-99.0,744
17/03/25 22:27:07,080A,080A,2,-99.00,-1.0,3423,3037,10.43,10.45,7.0,,2,,-99.0,745
17/03/25 22:27:22,080A,080A,2,-99.00,-1.0,3438,3040,10.43,10.45,8.7,,2,,-99.0,746
17/03/25 22:27:47,080A,080A,1,-99.00,-1.0,3467,3062,10.39,10.46,8.1,,2,,-99.0,747
17/03/25 22:28:18,080A,080A,1,-99.00,-1.0,3607,3094,10.39,10.46,6.2,,2,,-99.0,748
17/03/25 22:28:34,080A,080A,1,-99.00,-1.0,3474,3055,10.44,10.44,8.3,,2,,-99.0,749
17/03/25 22:29:05,080A,080A,1,-99.00,-1.0,3611,3084,10.39,10.46,6.2,,2,,-99.0,750
17/03/25 22:29:18,080A,080A,2,-99.00,-1.0,3463,3051,10.39,10.46,8.6,,2,,-99.0,751
17/03/25 22:29:26,080A,080A,2,-99.00,-1.0,3607,3152,10.39,10.46,5.6,,2,,-99.0,752
17/03/25 22:29:52,080A,080A,1,-99.00,-1.0,3483,3069,10.39,10.46,6.4,,2,,-99.0,753
17/03/25 22:30:06,080A,080A,2,-99.00,-1.0,3461,3042,10.39,10.46,8.6,,2,,-99.0,754
17/03/25 22:30:49,080A,080A,1,-99.00,-1.0,3607,3092,10.39,10.46,7.3,,2,,-99.0,755
17/03/25 22:31:06,080A,080A,1,-99.00,-1.0,3595,3076,10.37,10.41,6.2,,2,,-99.0,756
17/03/25 22:31:14,080A,080A,2,-99.00,-1.0,3438,3049,10.37,10.41,7.2,,2,,-99.0,757
17/03/25 22:32:31,080A,080A,1,-99.00,-1.0,3691,3223,10.42,10.46,6.1,,2,,-99.0,758
17/03/25 22:32:40,080A,080A,2,-99.00,-1.0,3666,3192,10.42,10.46,5.9,,2,,-99.0,759
17/03/25 22:32:51,080A,080A,2,-99.00,-1.0,3460,3058,10.42,10.46,7.0,,2,,-99.0,760
17/03/25 22:37:14,080A,080A,1,-99.00,-1.0,3696,3252,10.46,10.47,5.5,,2,,-99.0,761
17/03/25 22:37:23,080A,080A,2,-99.00,-1.0,3603,3090,10.46,10.47,6.6,,2,,-99.0,762
17/03/25 22:38:04,080A,080A,1,-99.00,-1.0,3613,3107,10.45,10.47,6.5,,2,,-99.0,763
17/03/25 22:38:12,080A,080A,2,-99.00,-1.0,3574,3076,10.45,10.47,7.0,,2,,-99.0,764
17/03/25 22:38:22,080A,080A,2,-99.00,-1.0,3459,3048,10.45,10.47,7.9,,2,,-99.0,765
17/03/25 22:38:42,080A,080A,1,-99.00,-1.0,3466,3063,10.37,10.39,7.3,,2,,-99.0,766
17/03/25 22:38:52,080A,080A,2,-99.00,-1.0,3648,3162,10.37,10.39,5.8,,2,,-99.0,767
17/03/25 22:39:09,080A,080A,1,-99.00,-1.0,3463,3051,10.46,10.44,7.9,,2,,-99.0,768
17/03/25 22:39:22,080A,080A,2,-99.00,-1.0,3454,3044,10.46,10.44,7.5,,2,,-99.0,769
17/03/25 22:39:33,080A,080A,2,-99.00,-1.0,3622,3156,10.46,10.44,5.1,,2,,-99.0,770
17/03/25 22:39:47,080A,080A,2,-99.00,-1.0,3649,3160,10.46,10.44,5.0,,2,,-99.0,771
17/03/25 22:39:57,080A,080A,2,-99.00,-1.0,3643,3153,10.46,10.44,5.1,,2,,-99.0,772
17/03/25 22:40:06,080A,080A,2,-99.00,-1.0,3438,3035,10.46,10.44,8.1,,2,,-99.0,773
17/03/25 22:40:06,080A,080A,,,,,,,,,,,,,774,PIR or RFID reader exceeded 60 seconds - terminating
17/03/25 22:40:19,080A,080A,1,-99.00,-1.0,3455,3027,10.44,10.45,8.0,,2,,-99.0,774
17/03/25 22:40:51,080A,080A,1,-99.00,-1.0,3668,3202,10.41,10.46,5.6,,2,,-99.0,775
17/03/25 22:41:00,080A,080A,2,-99.00,-1.0,3465,3067,10.41,10.46,6.4,,2,,-99.0,776
17/03/25 22:43:03,080A,080A,1,-99.00,-1.0,3617,3122,10.41,10.46,7.3,,2,,-99.0,777
17/03/25 22:43:11,080A,080A,2,-99.00,-1.0,3581,3089,10.41,10.46,7.3,,2,,-99.0,778
17/03/25 22:43:24,080A,080A,2,-99.00,-1.0,3638,3177,10.41,10.46,5.5,,2,,-99.0,779
17/03/25 22:43:42,080A,080A,1,-99.00,-1.0,3475,3065,10.43,10.41,7.7,,2,,-99.0,780
17/03/25 22:43:53,080A,080A,2,-99.00,-1.0,3454,3040,10.43,10.41,7.8,,2,,-99.0,781
17/03/25 22:44:02,080A,080A,2,-99.00,-1.0,3434,3028,10.43,10.41,7.3,,2,,-99.0,782
17/03/25 22:44:21,080A,080A,1,-99.00,-1.0,3463,3045,10.37,10.40,7.8,,2,,-99.0,783
17/03/25 22:44:43,080A,080A,1,-99.00,-1.0,3463,3065,10.37,10.39,6.9,,2,,-99.0,784
17/03/25 22:44:57,080A,080A,2,-99.00,-1.0,3458,3044,10.37,10.39,7.9,,2,,-99.0,785
17/03/25 22:45:06,080A,080A,2,-99.00,-1.0,3624,3157,10.37,10.39,5.6,,2,,-99.0,786
17/03/25 22:45:35,080A,080A,1,-99.00,-1.0,3596,3084,10.39,10.46,7.3,,2,,-99.0,787
17/03/25 22:46:03,080A,080A,1,-99.00,-1.0,3609,3086,10.38,10.46,6.5,,2,,-99.0,788
17/03/25 22:46:26,080A,080A,1,-99.00,-1.0,3592,3080,10.44,10.40,7.5,,2,,-99.0,789
17/03/25 22:47:06,080A,080A,1,-99.00,-1.0,3604,3095,10.42,10.46,6.7,,2,,-99.0,790
17/03/25 22:48:19,080A,080A,1,-99.00,-1.0,3626,3114,10.39,10.46,6.8,,2,,-99.0,791
17/03/25 22:49:21,080A,080A,1,-99.00,-1.0,3618,3117,10.39,10.46,7.2,,2,,-99.0,792
17/03/25 22:49:29,080A,080A,2,-99.00,-1.0,3565,3084,10.39,10.46,7.4,,2,,-99.0,793
17/03/25 22:50:01,080A,080A,1,-99.00,-1.0,3685,3208,10.44,10.46,5.6,,2,,-99.0,794
17/03/25 22:50:16,080A,080A,2,-99.00,-1.0,3646,3194,10.44,10.46,5.1,,2,,-99.0,795
17/03/25 22:50:45,080A,080A,1,-99.00,-1.0,3680,3209,10.41,10.46,6.1,,2,,-99.0,796
17/03/25 22:50:54,080A,080A,2,-99.00,-1.0,3458,3066,10.41,10.46,7.6,,2,,-99.0,797
17/03/25 22:51:24,080A,080A,1,-99.00,-1.0,3613,3085,10.41,10.46,6.7,,2,,-99.0,798
17/03/25 22:51:53,080A,080A,1,-99.00,-1.0,3606,3098,10.41,10.46,6.5,,2,,-99.0,799
17/03/25 22:53:32,080A,080A,1,-99.00,-1.0,3693,3236,10.44,10.46,5.1,,2,,-99.0,800
17/03/25 22:53:42,080A,080A,2,-99.00,-1.0,3666,3198,10.44,10.46,6.0,,2,,-99.0,801
17/03/25 22:53:58,080A,080A,1,-99.00,-1.0,3645,3185,10.43,10.41,5.8,,2,,-99.0,802
17/03/25 22:54:08,080A,080A,2,-99.00,-1.0,3653,3171,10.43,10.41,4.9,,2,,-99.0,803
17/03/25 22:54:17,080A,080A,2,-99.00,-1.0,3427,3049,10.43,10.41,7.7,,2,,-99.0,804
17/03/25 22:54:34,080A,080A,1,-99.00,-1.0,3639,3154,10.37,10.45,5.8,,2,,-99.0,805
17/03/25 22:54:43,080A,080A,2,-99.00,-1.0,3430,3047,10.37,10.45,7.6,,2,,-99.0,806
17/03/25 22:55:04,080A,080A,1,-99.00,-1.0,3469,3046,10.44,10.43,7.5,,2,,-99.0,807
17/03/25 22:55:17,080A,080A,2,-99.00,-1.0,3463,3052,10.44,10.43,6.9,,2,,-99.0,808
17/03/25 22:55:29,080A,080A,2,-99.00,-1.0,3639,3155,10.44,10.43,4.8,,2,,-99.0,809
17/03/25 22:55:41,080A,080A,2,-99.00,-1.0,3640,3154,10.44,10.43,5.8,,2,,-99.0,810
17/03/25 22:56:14,080A,080A,1,-99.00,-1.0,3603,3083,10.37,10.45,6.9,,2,,-99.0,811
17/03/25 22:56:24,080A,080A,2,-99.00,-1.0,3444,3058,10.37,10.45,7.8,,2,,-99.0,812
17/03/25 22:56:35,080A,080A,2,-99.00,-1.0,3448,3037,10.37,10.45,7.6,,2,,-99.0,813
17/03/25 22:56:47,080A,080A,2,-99.00,-1.0,3459,3033,10.37,10.45,7.0,,2,,-99.0,814
17/03/25 22:56:54,080A,080A,2,-99.00,-1.0,3369,3029,10.37,10.45,7.7,,2,,-99.0,815
17/03/25 22:57:08,080A,080A,2,-99.00,-1.0,3452,3030,10.37,10.45,7.8,,2,,-99.0,816
17/03/25 22:57:08,080A,080A,,,,,,,,,,,,,817,PIR or RFID reader exceeded 60 seconds - terminating
17/03/25 22:57:33,080A,080A,1,-99.00,-1.0,3665,3195,10.44,10.44,5.6,,2,,-99.0,817
17/03/25 22:58:09,080A,080A,1,-99.00,-1.0,3610,3089,10.39,10.45,7.0,,2,,-99.0,818
17/03/25 22:58:31,080A,080A,1,-99.00,-1.0,3474,3067,10.35,10.41,7.8,,2,,-99.0,819
17/03/25 22:58:50,080A,080A,1,-99.00,-1.0,3659,3180,10.35,10.43,6.1,,2,,-99.0,820
17/03/25 22:59:02,080A,080A,2,-99.00,-1.0,3462,3056,10.35,10.43,7.6,,2,,-99.0,821
17/03/25 22:59:43,080A,080A,1,-99.00,-1.0,3603,3089,10.43,10.44,6.5,,2,,-99.0,822
17/03/25 22:59:53,080A,080A,2,-99.00,-1.0,3458,3057,10.43,10.44,6.9,,2,,-99.0,823
17/03/25 23:00:02,080A,080A,2,-99.00,-1.0,3625,3169,10.43,10.44,4.8,,2,,-99.0,824
17/03/25 23:01:30,080A,080A,1,-99.00,-1.0,3697,3231,10.37,10.45,5.9,,2,,-99.0,825
17/03/25 23:01:50,080A,080A,1,-99.00,-1.0,3670,3213,10.44,10.41,4.8,,2,,-99.0,826
17/03/25 23:02:08,080A,080A,1,-99.00,-1.0,3654,3198,10.39,10.44,4.6,,2,,-99.0,827
17/03/25 23:02:16,080A,080A,2,-99.00,-1.0,3616,3174,10.39,10.44,5.0,,2,,-99.0,828
17/03/25 23:02:39,080A,080A,1,-99.00,-1.0,3480,3070,10.38,10.43,7.6,,2,,-99.0,829
17/03/25 23:02:47,080A,080A,2,-99.00,-1.0,3424,3046,10.38,10.43,6.4,,2,,-99.0,830
17/03/25 23:02:55,080A,080A,2,-99.00,-1.0,3401,3028,10.38,10.43,7.5,,2,,-99.0,831
17/03/25 23:03:05,080A,080A,2,-99.00,-1.0,3594,3153,10.38,10.43,4.9,,2,,-99.0,832
17/03/25 23:03:13,080A,080A,2,-99.00,-1.0,3394,3048,10.38,10.43,6.7,,2,,-99.0,833
17/03/25 23:03:33,080A,080A,1,-99.00,-1.0,3469,3049,10.41,10.41,7.7,,2,,-99.0,834
17/03/25 23:03:50,080A,080A,1,-99.00,-1.0,3456,3047,10.37,10.35,7.7,,2,,-99.0,835
17/03/25 23:03:59,080A,080A,2,-99.00,-1.0,3433,3033,10.37,10.35,6.4,,2,,-99.0,836
17/03/25 23:04:08,080A,080A,2,-99.00,-1.0,3398,3032,10.37,10.35,7.2,,2,,-99.0,837
17/03/25 23:04:29,080A,080A,1,-99.00,-1.0,3469,3048,10.43,10.40,7.7,,2,,-99.0,838
17/03/25 23:04:41,080A,080A,2,-99.00,-1.0,3643,3158,10.43,10.40,5.6,,2,,-99.0,839
17/03/25 23:04:50,080A,080A,2,-99.00,-1.0,3423,3041,10.43,10.40,6.2,,2,,-99.0,840
17/03/25 23:05:00,080A,080A,2,-99.00,-1.0,3431,3035,10.43,10.40,7.7,,2,,-99.0,841
17/03/25 23:05:10,080A,080A,2,-99.00,-1.0,3428,3033,10.43,10.40,7.1,,2,,-99.0,842
17/03/25 23:05:20,080A,080A,2,-99.00,-1.0,3412,3030,10.43,10.40,7.8,,2,,-99.0,843
17/03/25 23:05:30,080A,080A,2,-99.00,-1.0,3604,3137,10.43,10.40,5.5,,2,,-99.0,844
17/03/25 23:05:30,080A,080A,,,,,,,,,,,,,845,PIR or RFID reader exceeded 60 seconds - terminating
17/03/25 23:06:08,080A,080A,1,-99.00,-1.0,3603,3089,10.35,10.37,6.6,,2,,-99.0,845
17/03/25 23:06:20,080A,080A,2,-99.00,-1.0,3595,3165,10.35,10.37,5.7,,2,,-99.0,846
17/03/25 23:11:44,080A,080A,1,-99.00,-1.0,3719,3286,10.41,10.46,5.0,,2,,-99.0,847
17/03/25 23:12:46,080A,080A,1,-99.00,-1.0,3629,3117,10.36,10.40,6.9,,2,,-99.0,848
17/03/25 23:15:12,080A,080A,1,-99.00,-1.0,3632,3125,10.44,10.46,7.2,,2,,-99.0,849
17/03/25 23:17:01,080A,080A,1,-99.00,-1.0,3625,3126,10.38,10.45,6.5,,2,,-99.0,850
17/03/25 23:17:10,080A,080A,2,-99.00,-1.0,3602,3082,10.38,10.45,6.4,,2,,-99.0,851
17/03/25 23:17:27,080A,080A,1,-99.00,-1.0,3665,3176,10.44,10.37,4.5,,2,,-99.0,852
17/03/25 23:19:30,080A,080A,1,-99.00,-1.0,3698,3241,10.41,10.45,5.9,,2,,-99.0,853
17/03/25 23:20:01,080A,080A,1,-99.00,-1.0,3678,3211,10.41,10.45,5.1,,2,,-99.0,854
17/03/25 23:21:28,080A,080A,1,-99.00,-1.0,3694,3240,10.40,10.45,5.8,,2,,-99.0,855
17/03/25 23:21:47,080A,080A,1,-99.00,-1.0,3661,3200,10.39,10.44,4.8,,2,,-99.0,856
17/03/25 23:21:56,080A,080A,2,-99.00,-1.0,3453,3055,10.39,10.44,7.3,,2,,-99.0,857
17/03/25 23:23:01,080A,080A,1,-99.00,-1.0,3612,3111,10.37,10.45,7.3,,2,,-99.0,858
17/03/25 23:23:45,080A,080A,1,-99.00,-1.0,3611,3105,10.43,10.45,6.8,,2,,-99.0,859
17/03/25 23:25:30,080A,080A,1,-99.00,-1.0,3628,3128,10.37,10.45,6.2,,2,,-99.0,860
17/03/25 23:25:45,080A,080A,2,-99.00,-1.0,3594,3083,10.37,10.45,6.7,,2,,-99.0,861
17/03/25 23:26:24,080A,080A,1,-99.00,-1.0,3611,3088,10.43,10.45,7.0,,2,,-99.0,862
17/03/25 23:26:51,080A,080A,1,-99.00,-1.0,3665,3189,10.43,10.45,5.4,,2,,-99.0,863
17/03/25 23:27:24,080A,080A,1,-99.00,-1.0,3609,3078,10.43,10.45,7.4,,2,,-99.0,864
17/03/25 23:27:30,080A,080A,2,-99.00,-1.0,3584,3169,10.43,10.45,5.1,,2,,-99.0,865
17/03/25 23:27:47,080A,080A,1,-99.00,-1.0,3662,3169,10.44,10.36,5.1,,2,,-99.0,866
17/03/25 23:27:58,080A,080A,2,-99.00,-1.0,3639,3174,10.44,10.36,6.1,,2,,-99.0,867
17/03/25 23:28:17,080A,080A,1,-99.00,-1.0,3470,3039,10.40,10.37,8.1,,2,,-99.0,868
17/03/25 23:28:36,080A,080A,1,-99.00,-1.0,3450,3046,10.36,10.38,8.1,,2,,-99.0,869
17/03/25 23:29:09,080A,080A,1,-99.00,-1.0,3471,3069,10.43,10.44,7.1,,2,,-99.0,870
17/03/25 23:29:21,080A,080A,2,-99.00,-1.0,3461,3063,10.43,10.44,6.3,,2,,-99.0,871
17/03/25 23:29:39,080A,080A,1,-99.00,-1.0,3645,3162,10.41,10.37,5.5,,2,,-99.0,872
17/03/25 23:29:52,080A,080A,2,-99.00,-1.0,3634,3167,10.41,10.37,5.6,,2,,-99.0,873
17/03/25 23:30:28,080A,080A,1,-99.00,-1.0,3484,3066,10.43,10.44,6.4,,2,,-99.0,874
17/03/25 23:30:50,080A,080A,1,-99.00,-1.0,3663,3168,10.39,10.39,5.9,,2,,-99.0,875
17/03/25 23:32:04,080A,080A,1,-99.00,-1.0,3613,3115,10.43,10.44,7.1,,2,,-99.0,876
17/03/25 23:32:12,080A,080A,2,-99.00,-1.0,3451,3070,10.43,10.44,8.2,,2,,-99.0,877
17/03/25 23:32:23,080A,080A,2,-99.00,-1.0,3652,3164,10.43,10.44,5.6,,2,,-99.0,878
17/03/25 23:32:35,080A,080A,2,-99.00,-1.0,3461,3051,10.43,10.44,7.4,,2,,-99.0,879
17/03/25 23:33:13,080A,080A,1,-99.00,-1.0,3602,3086,10.39,10.44,6.7,,2,,-99.0,880
17/03/25 23:33:22,080A,080A,2,-99.00,-1.0,3455,3063,10.39,10.44,6.8,,2,,-99.0,881
17/03/25 23:33:43,080A,080A,1,-99.00,-1.0,3470,3044,10.35,10.40,6.7,,2,,-99.0,882
17/03/25 23:34:04,080A,080A,1,-99.00,-1.0,3458,3055,10.38,10.41,7.7,,2,,-99.0,883
17/03/25 23:34:28,080A,080A,1,-99.00,-1.0,3477,3046,10.34,10.44,7.6,,2,,-99.0,884
17/03/25 23:34:36,080A,080A,2,-99.00,-1.0,3621,3152,10.34,10.44,5.9,,2,,-99.0,885
17/03/25 23:34:48,080A,080A,2,-99.00,-1.0,3462,3055,10.34,10.44,6.2,,2,,-99.0,886
17/03/25 23:34:57,080A,080A,2,-99.00,-1.0,3433,3035,10.34,10.44,7.1,,2,,-99.0,887
17/03/25 23:35:11,080A,080A,2,-99.00,-1.0,3446,3029,10.34,10.44,8.0,,2,,-99.0,888
17/03/25 23:35:30,080A,080A,1,-99.00,-1.0,3444,3034,10.28,10.31,8.9,,2,,-99.0,889
17/03/25 23:35:43,080A,080A,2,-99.00,-1.0,3441,3042,10.28,10.31,7.6,,2,,-99.0,890
17/03/25 23:36:02,080A,080A,1,-99.00,-1.0,3456,3032,10.37,10.42,6.5,,2,,-99.0,891
17/03/25 23:36:44,080A,080A,1,-99.00,-1.0,3603,3076,10.43,10.44,8.4,,2,,-99.0,892
17/03/25 23:37:19,080A,080A,1,-99.00,-1.0,3602,3082,10.39,10.44,8.1,,2,,-99.0,893
17/03/25 23:39:20,080A,080A,1,-99.00,-1.0,3621,3127,10.42,10.44,6.9,,2,,-99.0,894
17/03/25 23:40:31,080A,080A,1,-99.00,-1.0,3619,3127,10.43,10.44,7.1,,2,,-99.0,895
17/03/25 23:41:20,080A,080A,1,-99.00,-1.0,3689,3226,10.36,10.44,5.9,,2,,-99.0,896
17/03/25 23:41:48,080A,080A,1,-99.00,-1.0,3602,3090,10.39,10.44,7.7,,2,,-99.0,897
17/03/25 23:42:19,080A,080A,1,-99.00,-1.0,3602,3081,10.37,10.44,7.4,,2,,-99.0,898
17/03/25 23:42:43,080A,080A,1,-99.00,-1.0,3473,3070,10.34,10.40,7.8,,2,,-99.0,899
17/03/25 23:42:59,080A,080A,1,-99.00,-1.0,3473,3057,10.27,10.35,6.6,,2,,-99.0,900
17/03/25 23:44:03,080A,080A,1,-99.00,-1.0,3690,3233,10.42,10.44,5.9,,2,,-99.0,901
17/03/25 23:44:16,080A,080A,2,-99.00,-1.0,3669,3207,10.42,10.44,5.5,,2,,-99.0,902
17/03/25 23:44:33,080A,080A,1,-99.00,-1.0,3473,3051,10.36,10.29,7.4,,2,,-99.0,903
17/03/25 23:45:00,080A,080A,1,-99.00,-1.0,3476,3060,10.37,10.44,6.7,,2,,-99.0,904
17/03/25 23:45:13,080A,080A,2,-99.00,-1.0,3454,3048,10.37,10.44,7.6,,2,,-99.0,905
17/03/25 23:45:48,080A,080A,1,-99.00,-1.0,3486,3071,10.41,10.44,6.2,,2,,-99.0,906
17/03/25 23:46:22,080A,080A,1,-99.00,-1.0,3612,3077,10.42,10.44,6.2,,2,,-99.0,907
17/03/25 23:46:43,080A,080A,1,-99.00,-1.0,3666,3173,10.41,10.38,5.8,,2,,-99.0,908
17/03/25 23:46:51,080A,080A,2,-99.00,-1.0,3630,3171,10.41,10.38,5.7,,2,,-99.0,909
17/03/25 23:47:00,080A,080A,2,-99.00,-1.0,3457,3044,10.41,10.38,7.3,,2,,-99.0,910
17/03/25 23:47:15,080A,080A,2,-99.00,-1.0,3634,3163,10.41,10.38,5.8,,2,,-99.0,911
17/03/25 23:47:28,080A,080A,2,-99.00,-1.0,3450,3052,10.41,10.38,7.3,,2,,-99.0,912
17/03/25 23:47:48,080A,080A,1,-99.00,-1.0,3655,3149,10.42,10.42,5.9,,2,,-99.0,913
17/03/25 23:48:17,080A,080A,1,-99.00,-1.0,3471,3064,10.36,10.44,6.5,,2,,-99.0,914
17/03/25 23:48:31,080A,080A,2,-99.00,-1.0,3446,3057,10.36,10.44,8.8,,2,,-99.0,915
17/03/25 23:48:44,080A,080A,2,-99.00,-1.0,3456,3034,10.36,10.44,8.1,,2,,-99.0,916
17/03/25 23:51:14,080A,080A,1,-99.00,-1.0,3698,3247,10.37,10.43,5.9,,2,,-99.0,917
17/03/25 23:52:22,080A,080A,1,-99.00,-1.0,3689,3243,10.40,10.44,5.8,,2,,-99.0,918
17/03/25 23:52:49,080A,080A,1,-99.00,-1.0,3670,3205,10.36,10.43,6.1,,2,,-99.0,919
17/03/25 23:53:03,080A,080A,2,-99.00,-1.0,3578,3077,10.36,10.43,8.1,,2,,-99.0,920
17/03/25 23:53:17,080A,080A,2,-99.00,-1.0,3644,3172,10.36,10.43,5.5,,2,,-99.0,921
17/03/25 23:53:52,080A,080A,1,-99.00,-1.0,3473,3058,10.31,10.37,7.6,,2,,-99.0,922
17/03/25 23:54:27,080A,080A,1,-99.00,-1.0,3599,3081,10.40,10.44,7.2,,2,,-99.0,923
17/03/25 23:54:53,080A,080A,1,-99.00,-1.0,3469,3068,10.41,10.43,7.0,,2,,-99.0,924
17/03/25 23:55:33,080A,080A,1,-99.00,-1.0,3604,3087,10.41,10.44,6.3,,2,,-99.0,925
17/03/25 23:55:46,080A,080A,2,-99.00,-1.0,3455,3065,10.41,10.44,8.6,,2,,-99.0,926
17/03/25 23:55:57,080A,080A,2,-99.00,-1.0,3638,3171,10.41,10.44,5.6,,2,,-99.0,927
17/03/25 23:56:05,080A,080A,2,-99.00,-1.0,3581,3144,10.41,10.44,5.6,,2,,-99.0,928
17/03/25 23:56:36,080A,080A,1,-99.00,-1.0,3472,3066,10.37,10.43,7.9,,2,,-99.0,929
17/03/25 23:56:56,080A,080A,1,-99.00,-1.0,3478,3047,10.38,10.36,6.9,,2,,-99.0,930
17/03/25 23:57:42,080A,080A,1,-99.00,-1.0,3609,3089,10.42,10.44,6.4,,2,,-99.0,931
17/03/25 23:57:55,080A,080A,2,-99.00,-1.0,3478,3063,10.42,10.44,6.4,,2,,-99.0,932
17/03/25 23:58:12,080A,080A,1,-99.00,-1.0,3460,3042,10.34,10.43,8.8,,2,,-99.0,933
17/03/25 23:58:37,080A,080A,1,-99.00,-1.0,3469,3047,10.37,10.42,6.7,,2,,-99.0,934
17/03/25 23:58:54,080A,080A,1,-99.00,-1.0,3458,3049,10.34,10.27,7.5,,2,,-99.0,935
17/03/25 23:59:04,080A,080A,2,-99.00,-1.0,3454,3035,10.34,10.27,6.7,,2,,-99.0,936
17/03/25 23:59:31,080A,080A,1,-99.00,-1.0,3472,3051,10.37,10.43,7.5,,2,,-99.0,937
18/03/25 00:00:00,080A,080A,0,-99.00,-1.0,3466,3043,10.43,10.43,7.6,,0,,-99.0,938
18/03/25 00:01:23,080A,080A,1,-99.00,-1.0,3632,3121,10.41,10.43,6.2,,2,,-99.0,939
18/03/25 00:01:36,080A,080A,2,-99.00,-1.0,3653,3200,10.41,10.43,5.9,,2,,-99.0,940
18/03/25 00:01:48,080A,080A,2,-99.00,-1.0,3454,3068,10.41,10.43,8.4,,2,,-99.0,941
18/03/25 00:01:57,080A,080A,2,-99.00,-1.0,3622,3154,10.41,10.43,5.8,,2,,-99.0,942
18/03/25 00:02:23,080A,080A,1,-99.00,-1.0,3477,3061,10.36,10.43,7.3,,2,,-99.0,943
18/03/25 00:03:31,080A,080A,1,-99.00,-1.0,3625,3108,10.36,10.43,6.9,,2,,-99.0,944
18/03/25 00:04:42,080A,080A,1,-99.00,-1.0,3690,3237,10.37,10.43,6.1,,2,,-99.0,945
18/03/25 00:06:06,080A,080A,1,-99.00,-1.0,3631,3122,10.41,10.43,6.2,,2,,-99.0,946
18/03/25 00:06:23,080A,080A,1,-99.00,-1.0,3585,3084,10.37,10.31,7.9,,2,,-99.0,947
18/03/25 00:06:49,080A,080A,1,-99.00,-1.0,3668,3185,10.41,10.42,5.7,,2,,-99.0,948
18/03/25 00:07:03,080A,080A,2,-99.00,-1.0,3581,3074,10.41,10.42,8.2,,2,,-99.0,949
18/03/25 00:07:11,080A,080A,2,-99.00,-1.0,3421,3046,10.41,10.42,6.5,,2,,-99.0,950
18/03/25 00:07:29,080A,080A,1,-99.00,-1.0,3657,3153,10.43,10.36,5.6,,2,,-99.0,951
18/03/25 00:07:43,080A,080A,2,-99.00,-1.0,3455,3059,10.43,10.36,7.1,,2,,-99.0,952
18/03/25 00:08:13,080A,080A,1,-99.00,-1.0,3479,3067,10.41,10.43,6.4,,2,,-99.0,953
18/03/25 00:08:29,080A,080A,2,-99.00,-1.0,3461,3052,10.41,10.43,8.3,,2,,-99.0,954
18/03/25 00:08:44,080A,080A,1,-99.00,-1.0,3455,3049,10.26,10.32,7.6,,2,,-99.0,955
18/03/25 00:08:58,080A,080A,2,-99.00,-1.0,3449,3030,10.26,10.32,8.1,,2,,-99.0,956
18/03/25 00:09:13,080A,080A,2,-99.00,-1.0,3446,3041,10.26,10.32,8.7,,2,,-99.0,957
18/03/25 00:09:59,080A,080A,1,-99.00,-1.0,3606,3078,10.38,10.43,8.3,,2,,-99.0,958
18/03/25 00:10:25,080A,080A,1,-99.00,-1.0,3483,3066,10.35,10.42,7.5,,2,,-99.0,959
18/03/25 00:13:25,080A,080A,1,-99.00,-1.0,3705,3253,10.34,10.43,6.1,,2,,-99.0,960
18/03/25 00:15:45,080A,080A,1,-99.00,-1.0,3696,3259,10.38,10.43,5.7,,2,,-99.0,961
18/03/25 00:16:02,080A,080A,1,-99.00,-1.0,3676,3199,10.35,10.31,5.8,,2,,-99.0,962
18/03/25 00:16:15,080A,080A,2,-99.00,-1.0,3651,3204,10.35,10.31,4.7,,2,,-99.0,963
18/03/25 00:16:34,080A,080A,1,-99.00,-1.0,3652,3190,10.34,10.34,5.5,,2,,-99.0,964
18/03/25 00:16:41,080A,080A,2,-99.00,-1.0,3600,3180,10.34,10.34,5.7,,2,,-99.0,965
18/03/25 00:17:24,080A,080A,1,-99.00,-1.0,3676,3208,10.35,10.43,5.8,,2,,-99.0,966
