03/09/24 13:37:47,STARTING Spatial Logger v6.1,080D,FW,Apr 18 2024,12:28:18,5405,Err:0,12.25V,0,18h,7h
datetime,LOGGER_ID,WIRELESS_ID,motion_det,tempC,hum%,AMP1ADC,AMP2ADC,batV_L,batV_NL,int-tempC,Tag_ID,Pdir,Err,ext-tempC,Line,Comment
03/09/24 13:37:53,080D,080D,0,-99.00,-1.0,3017,2936,12.25,12.24,17.9,,0,,-99.0,0
03/09/24 13:38:07,080D,080D,1,-99.00,-1.0,3045,2945,12.29,12.32,18.4,,2,,-99.0,1
03/09/24 13:38:27,080D,080D,1,-99.00,-1.0,3026,2925,12.29,12.29,18.6,,2,,-99.0,2
03/09/24 17:00:00,080D,080D,0,-99.00,-1.0,3192,2917,12.30,12.30,17.3,,0,,-99.0,3
03/09/24 21:00:00,080D,080D,0,-99.00,-1.0,3316,2926,12.29,12.29,16.0,,0,,-99.0,4
04/09/24 00:12:52,080D,080D,1,-99.00,-1.0,3358,2964,12.25,12.28,14.4,,1,,-99.0,5
04/09/24 00:12:59,080D,080D,2,-99.00,-1.0,3388,2993,12.25,12.28,14.2,,1,,-99.0,6
04/09/24 00:13:38,080D,080D,1,-99.00,-1.0,3351,2955,12.26,12.27,14.3,,2,,-99.0,7
04/09/24 00:13:48,080D,080D,2,-99.00,-1.0,3386,2989,12.26,12.27,14.5,,2,,-99.0,8
04/09/24 00:13:56,080D,080D,2,-99.00,-1.0,3380,2980,12.26,12.27,14.3,,2,,-99.0,9
04/09/24 00:17:30,080D,080D,1,-99.00,-1.0,3353,2961,12.26,12.27,14.4,,2,,-99.0,10
04/09/24 00:17:52,080D,080D,1,-99.00,-1.0,3367,2971,12.24,12.25,14.3,,2,,-99.0,11
04/09/24 00:22:46,080D,080D,1,-99.00,-1.0,3354,2960,12.26,12.27,14.5,,1,,-99.0,12
04/09/24 00:22:59,080D,080D,2,-99.00,-1.0,3389,2993,12.26,12.27,14.2,,1,,-99.0,13
04/09/24 00:23:33,080D,080D,1,-99.00,-1.0,3357,2954,12.26,12.27,14.3,,2,,-99.0,14
04/09/24 00:23:43,080D,080D,2,-99.00,-1.0,3384,2983,12.26,12.27,14.6,,1,,-99.0,15
04/09/24 00:23:44,080D,080D,2,-99.00,-1.0,3096,2957,12.26,12.27,14.3,,3,,-99.0,16
04/09/24 01:00:00,080D,080D,0,-99.00,-1.0,3337,2933,12.27,12.27,14.0,,0,,-99.0,17
04/09/24 04:34:45,080D,080D,1,-99.00,-1.0,3300,2979,12.24,12.26,12.8,,1,,-99.0,18
04/09/24 05:00:00,080D,080D,0,-99.00,-1.0,3276,2943,12.26,12.26,12.8,,0,,-99.0,19
04/09/24 09:00:00,080D,080D,0,-99.00,-1.0,3024,2952,12.26,12.26,13.2,,0,,-99.0,20
04/09/24 13:00:00,080D,080D,0,-99.00,-1.0,3002,2936,12.28,12.27,16.0,,0,,-99.0,21
04/09/24 17:00:00,080D,080D,0,-99.00,-1.0,3226,2935,12.28,12.27,16.2,,0,,-99.0,22
04/09/24 21:00:00,080D,080D,0,-99.00,-1.0,3307,2931,12.27,12.26,14.2,,0,,-99.0,23
04/09/24 21:45:28,080D,080D,1,-99.00,-1.0,3356,2977,12.23,12.26,13.7,,1,,-99.0,24
04/09/24 21:45:29,080D,080D,2,-99.00,-1.0,3143,2980,12.23,12.26,13.8,,3,,-99.0,25
04/09/24 21:45:45,080D,080D,1,-99.00,-1.0,3375,2997,12.24,12.24,13.8,,2,,-99.0,26
04/09/24 21:46:01,080D,080D,1,-99.00,-1.0,3373,2997,12.25,12.24,13.8,,2,,-99.0,27
04/09/24 21:46:09,080D,080D,2,-99.00,-1.0,3386,2995,12.25,12.24,14.0,,2,,-99.0,28
04/09/24 21:46:29,080D,080D,1,-99.00,-1.0,3362,2969,12.24,12.23,14.2,,2,,-99.0,29
04/09/24 21:46:35,080D,080D,2,-99.00,-1.0,3370,2992,12.24,12.23,13.9,,2,,-99.0,30
04/09/24 21:46:41,080D,080D,2,-99.00,-1.0,3356,2985,12.24,12.23,14.2,,2,,-99.0,31
04/09/24 21:48:10,080D,080D,1,-99.00,-1.0,3347,2955,12.22,12.26,14.0,,2,,-99.0,32
04/09/24 21:48:21,080D,080D,2,-99.00,-1.0,3393,3002,12.22,12.26,14.2,,2,,-99.0,33
04/09/24 21:48:42,080D,080D,1,-99.00,-1.0,3364,2972,12.24,12.24,13.9,,2,,-99.0,34
04/09/24 21:48:59,080D,080D,1,-99.00,-1.0,3362,2980,12.24,12.22,14.2,,2,,-99.0,35
05/09/24 01:00:00,080D,080D,0,-99.00,-1.0,3305,2947,12.25,12.24,12.3,,0,,-99.0,36
05/09/24 02:56:02,080D,080D,1,-99.00,-1.0,3289,2990,12.22,12.24,12.2,,1,,-99.0,37
05/09/24 02:56:08,080D,080D,2,-99.00,-1.0,3359,3037,12.22,12.24,12.4,,1,,-99.0,38
05/09/24 02:56:14,080D,080D,2,-99.00,-1.0,3356,3032,12.22,12.24,12.1,,1,,-99.0,39
05/09/24 05:00:00,080D,080D,0,-99.00,-1.0,3217,2953,12.24,12.24,12.3,,0,,-99.0,40
05/09/24 09:00:00,080D,080D,0,-99.00,-1.0,3102,2953,12.25,12.25,13.2,,0,,-99.0,41
05/09/24 13:00:00,080D,080D,0,-99.00,-1.0,3088,2945,12.26,12.25,15.0,,0,,-99.0,42
05/09/24 17:00:00,080D,080D,0,-99.00,-1.0,3119,2939,12.27,12.26,16.3,,0,,-99.0,43
05/09/24 21:00:00,080D,080D,0,-99.00,-1.0,3205,2937,12.27,12.27,16.6,,0,,-99.0,44
05/09/24 21:12:57,080D,080D,1,-99.00,-1.0,3237,2984,12.25,12.27,16.6,,2,,-99.0,45
05/09/24 21:13:00,080D,080D,2,-99.00,-1.0,3311,3029,12.25,12.27,16.5,,4,,-99.0,46
05/09/24 21:18:21,080D,080D,1,-99.00,-1.0,3233,2985,12.24,12.27,16.7,,1,,-99.0,47
05/09/24 21:21:44,080D,080D,1,-99.00,-1.0,3232,2983,12.24,12.27,16.9,,1,,-99.0,48
05/09/24 21:21:45,080D,080D,2,-99.00,-1.0,3116,2980,12.24,12.27,16.6,,3,,-99.0,49
05/09/24 22:20:06,080D,080D,1,-99.00,-1.0,3230,2988,12.25,12.26,16.8,,2,,-99.0,50
05/09/24 22:20:21,080D,080D,2,-99.00,-1.0,3421,3056,12.25,12.26,16.6,,4,,-99.0,51
05/09/24 22:33:29,080D,080D,1,-99.00,-1.0,3227,2987,12.24,12.26,16.7,,4,,-99.0,52
05/09/24 22:33:30,080D,080D,2,-99.00,-1.0,3119,2983,12.24,12.26,16.7,,4,,-99.0,53
05/09/24 23:28:26,080D,080D,1,-99.00,-1.0,3224,2987,12.23,12.26,16.8,,2,,-99.0,54
05/09/24 23:28:38,080D,080D,2,-99.00,-1.0,3421,3055,12.23,12.26,16.9,,1,,-99.0,55
06/09/24 00:22:57,080D,080D,1,-99.00,-1.0,3215,2987,12.24,12.26,17.1,,1,,-99.0,56
06/09/24 00:23:03,080D,080D,2,-99.00,-1.0,3395,3055,12.24,12.26,16.9,,1,,-99.0,57
06/09/24 00:44:12,080D,080D,1,-99.00,-1.0,3221,2988,12.24,12.25,16.9,,2,,-99.0,58
06/09/24 00:44:14,080D,080D,2,-99.00,-1.0,3223,3012,12.24,12.25,17.1,,4,,-99.0,59
06/09/24 00:49:28,080D,080D,1,-99.00,-1.0,3257,2989,12.23,12.26,17.0,,2,,-99.0,60
06/09/24 00:49:29,080D,080D,2,-99.00,-1.0,3152,2991,12.23,12.26,17.0,,4,,-99.0,61
06/09/24 01:00:00,080D,080D,0,-99.00,-1.0,3197,2936,12.25,12.25,17.1,,0,,-99.0,62
06/09/24 01:08:58,080D,080D,1,-99.00,-1.0,3268,2992,12.23,12.26,17.1,,1,,-99.0,63
06/09/24 01:58:54,080D,080D,1,-99.00,-1.0,3282,2989,12.22,12.26,17.1,,1,,-99.0,64
06/09/24 01:58:55,080D,080D,2,-99.00,-1.0,3181,2994,12.22,12.26,17.2,,3,,-99.0,65
06/09/24 01:59:01,080D,080D,2,-99.00,-1.0,3410,3046,12.22,12.26,17.1,,2,,-99.0,66
06/09/24 03:14:03,080D,080D,1,-99.00,-1.0,3294,2983,12.24,12.26,17.0,,1,,-99.0,67
06/09/24 03:14:07,080D,080D,2,-99.00,-1.0,3397,3039,12.24,12.26,17.3,,2,,-99.0,68
06/09/24 05:00:00,080D,080D,0,-99.00,-1.0,3261,2936,12.25,12.25,17.1,,0,,-99.0,69
06/09/24 05:05:45,080D,080D,1,-99.00,-1.0,3302,2987,12.24,12.25,17.1,,2,,-99.0,70
06/09/24 05:05:52,080D,080D,2,-99.00,-1.0,3422,3041,12.24,12.25,17.0,,1,,-99.0,71
06/09/24 09:00:00,080D,080D,0,-99.00,-1.0,3251,2940,12.25,12.25,17.0,,0,,-99.0,72
06/09/24 13:00:00,080D,080D,0,-99.00,-1.0,3085,2948,12.25,12.25,18.3,,0,,-99.0,73
06/09/24 17:00:00,080D,080D,0,-99.00,-1.0,3285,2926,12.26,12.27,19.5,,0,,-99.0,74
06/09/24 20:38:39,080D,080D,1,-99.00,-1.0,3350,2966,12.23,12.25,17.7,,1,,-99.0,75
06/09/24 20:38:42,080D,080D,2,-99.00,-1.0,3335,2998,12.23,12.25,17.7,,2,,-99.0,76
06/09/24 20:48:43,080D,080D,1,-99.00,-1.0,3385,2971,12.22,12.25,17.6,,1,,-99.0,77
06/09/24 20:48:44,080D,080D,2,-99.00,-1.0,3166,2963,12.22,12.25,17.5,,3,,-99.0,78
06/09/24 20:48:55,080D,080D,2,-99.00,-1.0,3416,3021,12.22,12.25,17.5,,2,,-99.0,79
06/09/24 20:52:35,080D,080D,1,-99.00,-1.0,3380,2966,12.22,12.25,17.8,,2,,-99.0,80
06/09/24 20:52:37,080D,080D,2,-99.00,-1.0,3349,2997,12.22,12.25,17.7,,4,,-99.0,81
06/09/24 21:00:00,080D,080D,0,-99.00,-1.0,3365,2929,12.25,12.25,17.6,,0,,-99.0,82
06/09/24 21:10:04,080D,080D,1,-99.00,-1.0,3380,2966,12.24,12.25,17.6,,2,,-99.0,83
06/09/24 21:10:10,080D,080D,2,-99.00,-1.0,3414,3017,12.24,12.25,17.6,,4,,-99.0,84
06/09/24 21:10:22,080D,080D,2,-99.00,-1.0,3417,3022,12.24,12.25,17.4,,1,,-99.0,85
06/09/24 21:39:29,080D,080D,1,-99.00,-1.0,3381,2971,12.22,12.25,17.1,,2,,-99.0,86
06/09/24 23:09:11,080D,080D,1,-99.00,-1.0,3365,2978,12.21,12.24,16.9,,2,,-99.0,87
07/09/24 00:49:50,080D,080D,1,-99.00,-1.0,3353,2979,12.22,12.24,16.5,,1,,-99.0,88
07/09/24 00:49:56,080D,080D,2,-99.00,-1.0,3423,3038,12.22,12.24,16.3,,3,,-99.0,89
07/09/24 00:53:45,080D,080D,1,-99.00,-1.0,3348,2975,12.21,12.24,16.6,,2,,-99.0,90
07/09/24 01:00:00,080D,080D,0,-99.00,-1.0,3322,2934,12.24,12.24,16.3,,0,,-99.0,91
07/09/24 02:10:50,080D,080D,1,-99.00,-1.0,3339,2987,12.21,12.24,16.0,,1,,-99.0,92
07/09/24 02:19:56,080D,080D,1,-99.00,-1.0,3336,2984,12.22,12.24,16.3,,2,,-99.0,93
07/09/24 02:20:02,080D,080D,2,-99.00,-1.0,3428,3047,12.22,12.24,16.1,,1,,-99.0,94
07/09/24 05:00:00,080D,080D,0,-99.00,-1.0,3284,2941,12.23,12.23,15.8,,0,,-99.0,95
07/09/24 09:00:00,080D,080D,0,-99.00,-1.0,3234,2948,12.24,12.23,15.9,,0,,-99.0,96
07/09/24 13:00:00,080D,080D,0,-99.00,-1.0,3143,2955,12.24,12.24,17.1,,0,,-99.0,97
07/09/24 17:00:00,080D,080D,0,-99.00,-1.0,3260,2938,12.24,12.24,17.6,,0,,-99.0,98
07/09/24 21:00:00,080D,080D,0,-99.00,-1.0,3295,2942,12.24,12.24,17.1,,0,,-99.0,99
07/09/24 22:55:01,080D,080D,1,-99.00,-1.0,3322,2996,12.20,12.23,16.6,,1,,-99.0,100
07/09/24 22:55:02,080D,080D,2,-99.00,-1.0,3212,3004,12.20,12.23,16.6,,3,,-99.0,101
08/09/24 01:00:00,080D,080D,0,-99.00,-1.0,3273,2942,12.23,12.23,16.4,,0,,-99.0,102
08/09/24 03:13:28,080D,080D,1,-99.00,-1.0,3385,2974,12.21,12.22,15.9,,2,,-99.0,103
08/09/24 03:13:30,080D,080D,2,-99.00,-1.0,3305,2998,12.21,12.22,15.6,,4,,-99.0,104
08/09/24 03:19:17,080D,080D,1,-99.00,-1.0,3381,2974,12.21,12.22,15.6,,4,,-99.0,105
08/09/24 03:19:17,080D,080D,2,-99.00,-1.0,3129,2966,12.21,12.22,15.6,,4,,-99.0,106
08/09/24 03:52:56,080D,080D,1,-99.00,-1.0,3374,2978,12.19,12.22,15.2,,2,,-99.0,107
08/09/24 03:52:59,080D,080D,2,-99.00,-1.0,3361,3019,12.19,12.22,15.4,,4,,-99.0,108
08/09/24 05:00:00,080D,080D,0,-99.00,-1.0,3346,2940,12.22,12.22,14.8,,0,,-99.0,109
08/09/24 05:12:21,080D,080D,1,-99.00,-1.0,3365,2980,12.18,12.22,14.6,,2,,-99.0,110
08/09/24 05:12:29,080D,080D,2,-99.00,-1.0,3422,3040,12.18,12.22,14.8,,2,,-99.0,111
08/09/24 05:12:32,080D,080D,2,-99.00,-1.0,3331,3023,12.18,12.22,14.6,,4,,-99.0,112
08/09/24 09:00:00,080D,080D,0,-99.00,-1.0,3192,2962,12.21,12.21,14.4,,0,,-99.0,113
08/09/24 13:00:00,080D,080D,0,-99.00,-1.0,3105,2955,12.22,12.22,16.6,,0,,-99.0,114
08/09/24 17:00:00,080D,080D,0,-99.00,-1.0,3243,2940,12.22,12.22,16.6,,0,,-99.0,115
08/09/24 21:00:00,080D,080D,0,-99.00,-1.0,3265,2942,12.22,12.21,15.6,,0,,-99.0,116
08/09/24 21:02:49,080D,080D,1,-99.00,-1.0,3299,2993,12.19,12.22,15.6,,1,,-99.0,117
08/09/24 21:02:51,080D,080D,2,-99.00,-1.0,3271,3028,12.19,12.22,15.7,,3,,-99.0,118
08/09/24 23:04:56,080D,080D,1,-99.00,-1.0,3274,2997,12.19,12.21,15.7,,2,,-99.0,119
08/09/24 23:47:23,080D,080D,1,-99.00,-1.0,3299,2996,12.20,12.21,15.5,,1,,-99.0,120
08/09/24 23:47:24,080D,080D,2,-99.00,-1.0,3238,3021,12.20,12.21,15.3,,3,,-99.0,121
09/09/24 00:13:37,080D,080D,1,-99.00,-1.0,3299,2994,12.18,12.21,15.4,,1,,-99.0,122
09/09/24 00:13:39,080D,080D,2,-99.00,-1.0,3324,3042,12.18,12.21,15.4,,3,,-99.0,123
09/09/24 01:00:00,080D,080D,0,-99.00,-1.0,3278,2946,12.21,12.20,15.1,,0,,-99.0,124
09/09/24 05:00:00,080D,080D,0,-99.00,-1.0,3315,2949,12.20,12.20,13.5,,0,,-99.0,125
09/09/24 09:00:00,080D,080D,0,-99.00,-1.0,3220,2960,12.19,12.19,12.6,,0,,-99.0,126
09/09/24 13:00:00,080D,080D,0,-99.00,-1.0,3084,2982,12.19,12.19,13.2,,0,,-99.0,127
09/09/24 17:00:00,080D,080D,0,-99.00,-1.0,3179,2952,12.20,12.20,14.6,,0,,-99.0,128
09/09/24 21:00:00,080D,080D,0,-99.00,-1.0,3350,2949,12.19,12.19,12.9,,0,,-99.0,129
09/09/24 21:26:39,080D,080D,1,-99.00,-1.0,3372,2986,12.16,12.19,12.8,,1,,-99.0,130
10/09/24 01:00:00,080D,080D,0,-99.00,-1.0,3284,2966,12.18,12.17,11.2,,0,,-99.0,131
10/09/24 05:00:00,080D,080D,0,-99.00,-1.0,3147,2988,12.18,12.18,11.7,,0,,-99.0,132
10/09/24 09:00:00,080D,080D,0,-99.00,-1.0,2996,2976,12.18,12.18,13.2,,0,,-99.0,133
10/09/24 13:00:00,080D,080D,0,-99.00,-1.0,3014,2965,12.20,12.19,14.8,,0,,-99.0,134
10/09/24 17:00:00,080D,080D,0,-99.00,-1.0,3244,2948,12.19,12.20,14.8,,0,,-99.0,135
10/09/24 21:00:00,080D,080D,0,-99.00,-1.0,3376,2948,12.18,12.17,11.5,,0,,-99.0,136
10/09/24 21:11:11,080D,080D,1,-99.00,-1.0,3389,2980,12.15,12.17,11.5,,1,,-99.0,137
11/09/24 01:00:00,080D,080D,0,-99.00,-1.0,3303,2967,12.16,12.16,9.5,,0,,-99.0,138
11/09/24 05:00:00,080D,080D,0,-99.00,-1.0,3278,2973,12.15,12.15,8.6,,0,,-99.0,139
11/09/24 09:00:00,080D,080D,0,-99.00,-1.0,3043,3014,12.15,12.15,8.9,,0,,-99.0,140
11/09/24 13:00:00,080D,080D,0,-99.00,-1.0,2961,2982,12.17,12.17,11.8,,0,,-99.0,141
11/09/24 13:43:02,080D,080D,1,-99.00,-1.0,3176,3017,12.15,12.17,11.8,,2,,-99.0,142
11/09/24 17:00:00,080D,080D,0,-99.00,-1.0,3250,2960,12.17,12.16,10.8,,0,,-99.0,143
11/09/24 21:00:00,080D,080D,0,-99.00,-1.0,3307,2966,12.15,12.15,9.2,,0,,-99.0,144
12/09/24 01:00:00,080D,080D,0,-99.00,-1.0,3299,2971,12.14,12.14,8.0,,0,,-99.0,145
12/09/24 05:00:00,080D,080D,0,-99.00,-1.0,3285,2977,12.13,12.13,7.0,,0,,-99.0,146
12/09/24 09:00:00,080D,080D,0,-99.00,-1.0,2990,3047,12.13,12.13,7.6,,0,,-99.0,147
12/09/24 13:00:00,080D,080D,0,-99.00,-1.0,2913,2984,12.16,12.15,10.9,,0,,-99.0,148
12/09/24 17:00:00,080D,080D,0,-99.00,-1.0,3140,2966,12.16,12.15,10.6,,0,,-99.0,149
12/09/24 21:00:00,080D,080D,0,-99.00,-1.0,3338,2963,12.15,12.14,8.8,,0,,-99.0,150
12/09/24 22:10:53,080D,080D,1,-99.00,-1.0,3357,3001,12.10,12.14,8.1,,1,,-99.0,151
12/09/24 22:10:58,080D,080D,2,-99.00,-1.0,3322,3059,12.10,12.14,8.2,,3,,-99.0,152
13/09/24 01:00:00,080D,080D,0,-99.00,-1.0,3291,2976,12.13,12.13,7.1,,0,,-99.0,153
13/09/24 05:00:00,080D,080D,0,-99.00,-1.0,3242,2983,12.13,12.13,6.5,,0,,-99.0,154
13/09/24 09:00:00,080D,080D,0,-99.00,-1.0,2950,3028,12.13,12.13,7.3,,0,,-99.0,155
13/09/24 13:00:00,080D,080D,0,-99.00,-1.0,2894,3000,12.15,12.15,11.2,,0,,-99.0,156
13/09/24 17:00:00,080D,080D,0,-99.00,-1.0,2990,2942,12.17,12.16,12.8,,0,,-99.0,157
13/09/24 21:00:00,080D,080D,0,-99.00,-1.0,3238,2952,12.15,12.15,10.6,,0,,-99.0,158
13/09/24 22:25:34,080D,080D,1,-99.00,-1.0,3224,3005,12.12,12.15,10.3,,2,,-99.0,159
13/09/24 22:25:41,080D,080D,2,-99.00,-1.0,3463,3094,12.12,12.15,10.3,,2,,-99.0,160
13/09/24 22:25:43,080D,080D,2,-99.00,-1.0,3362,3076,12.12,12.15,10.2,,4,,-99.0,161
14/09/24 01:00:00,080D,080D,0,-99.00,-1.0,3198,2961,12.13,12.14,9.7,,0,,-99.0,162
14/09/24 05:00:00,080D,080D,0,-99.00,-1.0,3228,2965,12.13,12.13,9.1,,0,,-99.0,163
14/09/24 09:00:00,080D,080D,0,-99.00,-1.0,2902,3016,12.13,12.13,9.5,,0,,-99.0,164
14/09/24 12:31:03,080D,080D,1,-99.00,-1.0,3247,3150,12.13,12.15,13.8,,2,,-99.0,165
14/09/24 13:00:00,080D,080D,0,-99.00,-1.0,2900,2983,12.16,12.16,14.2,,0,,-99.0,166
14/09/24 17:00:00,080D,080D,0,-99.00,-1.0,3076,2927,12.17,12.17,15.6,,0,,-99.0,167
14/09/24 21:00:00,080D,080D,0,-99.00,-1.0,3353,2939,12.15,12.15,13.2,,0,,-99.0,168
15/09/24 01:00:00,080D,080D,0,-99.00,-1.0,3282,2952,12.14,12.14,11.3,,0,,-99.0,169
15/09/24 05:00:00,080D,080D,0,-99.00,-1.0,3233,2958,12.14,12.13,10.4,,0,,-99.0,170
15/09/24 09:00:00,080D,080D,0,-99.00,-1.0,2954,2979,12.13,12.13,10.9,,0,,-99.0,171
15/09/24 13:00:00,080D,080D,0,-99.00,-1.0,2857,2957,12.16,12.16,14.9,,0,,-99.0,172
15/09/24 17:00:00,080D,080D,0,-99.00,-1.0,3071,2940,12.16,12.16,15.2,,0,,-99.0,173
15/09/24 19:57:36,080D,080D,1,-99.00,-1.0,3356,2987,12.13,12.15,14.1,,1,,-99.0,174
15/09/24 19:57:37,080D,080D,2,-99.00,-1.0,3130,2989,12.13,12.15,14.2,,3,,-99.0,175
15/09/24 20:56:59,080D,080D,1,-99.00,-1.0,3337,2996,12.13,12.15,13.5,,1,,-99.0,176
15/09/24 21:00:00,080D,080D,0,-99.00,-1.0,3300,2942,12.15,12.15,13.8,,0,,-99.0,177
16/09/24 01:00:00,080D,080D,0,-99.00,-1.0,3171,2953,12.15,12.15,13.4,,0,,-99.0,178
16/09/24 03:18:30,080D,080D,1,-99.00,-1.0,3229,3010,12.13,12.15,13.5,,1,,-99.0,179
16/09/24 03:58:52,080D,080D,1,-99.00,-1.0,3274,3004,12.13,12.15,13.4,,1,,-99.0,180
16/09/24 05:00:00,080D,080D,0,-99.00,-1.0,3330,2947,12.14,12.14,12.9,,0,,-99.0,181
16/09/24 09:00:00,080D,080D,0,-99.00,-1.0,3083,2973,12.13,12.13,11.7,,0,,-99.0,182
16/09/24 13:00:00,080D,080D,0,-99.00,-1.0,2889,2985,12.15,12.15,15.1,,0,,-99.0,183
16/09/24 17:00:00,080D,080D,0,-99.00,-1.0,3203,2931,12.16,12.16,16.4,,0,,-99.0,184
16/09/24 20:48:16,080D,080D,1,-99.00,-1.0,3393,2983,12.12,12.14,14.0,,2,,-99.0,185
16/09/24 20:48:20,080D,080D,2,-99.00,-1.0,3366,3032,12.12,12.14,14.0,,4,,-99.0,186
16/09/24 21:00:00,080D,080D,0,-99.00,-1.0,3366,2939,12.15,12.14,14.0,,0,,-99.0,187
16/09/24 21:11:15,080D,080D,1,-99.00,-1.0,3394,2985,12.12,12.14,13.9,,1,,-99.0,188
17/09/24 01:00:00,080D,080D,0,-99.00,-1.0,3370,2953,12.13,12.13,11.6,,0,,-99.0,189
17/09/24 01:46:22,080D,080D,1,-99.00,-1.0,3387,2998,12.09,12.12,11.0,,1,,-99.0,190
17/09/24 01:46:29,080D,080D,2,-99.00,-1.0,3399,3055,12.09,12.12,11.2,,1,,-99.0,191
17/09/24 05:00:00,080D,080D,0,-99.00,-1.0,3330,2961,12.12,12.12,10.1,,0,,-99.0,192
17/09/24 09:00:00,080D,080D,0,-99.00,-1.0,2924,2991,12.12,12.12,10.2,,0,,-99.0,193
17/09/24 13:00:00,080D,080D,0,-99.00,-1.0,2883,2983,12.14,12.13,14.9,,0,,-99.0,194
17/09/24 17:00:00,080D,080D,0,-99.00,-1.0,3078,2932,12.15,12.15,16.5,,0,,-99.0,195
17/09/24 20:34:57,080D,080D,1,-99.00,-1.0,3360,2983,12.11,12.14,14.9,,2,,-99.0,196
17/09/24 20:35:05,080D,080D,2,-99.00,-1.0,3429,3044,12.11,12.14,15.1,,2,,-99.0,197
17/09/24 20:35:11,080D,080D,2,-99.00,-1.0,3407,3037,12.11,12.14,15.1,,1,,-99.0,198
17/09/24 21:00:00,080D,080D,0,-99.00,-1.0,3346,2936,12.14,12.14,14.6,,0,,-99.0,199
18/09/24 01:00:00,080D,080D,0,-99.00,-1.0,3222,2954,12.13,12.12,12.9,,0,,-99.0,200
18/09/24 01:45:09,080D,080D,1,-99.00,-1.0,3203,3016,12.10,12.13,12.8,,2,,-99.0,201
18/09/24 01:45:20,080D,080D,2,-99.00,-1.0,3515,3102,12.10,12.13,12.9,,2,,-99.0,202
18/09/24 01:45:49,080D,080D,1,-99.00,-1.0,3267,3034,12.10,12.12,12.8,,1,,-99.0,203
18/09/24 05:00:00,080D,080D,0,-99.00,-1.0,3065,2959,12.12,12.12,13.2,,0,,-99.0,204
18/09/24 09:00:00,080D,080D,0,-99.00,-1.0,2985,2965,12.13,12.13,14.0,,0,,-99.0,205
18/09/24 13:00:00,080D,080D,0,-99.00,-1.0,2866,2969,12.15,12.14,16.8,,0,,-99.0,206
18/09/24 17:00:00,080D,080D,0,-99.00,-1.0,3097,2926,12.15,12.15,18.5,,0,,-99.0,207
18/09/24 20:39:46,080D,080D,1,-99.00,-1.0,3402,2974,12.13,12.14,16.6,,1,,-99.0,208
18/09/24 20:39:47,080D,080D,2,-99.00,-1.0,3211,2984,12.13,12.14,16.5,,3,,-99.0,209
18/09/24 21:00:00,080D,080D,0,-99.00,-1.0,3380,2932,12.14,12.14,16.3,,0,,-99.0,210
18/09/24 21:01:28,080D,080D,1,-99.00,-1.0,3405,2982,12.11,12.14,16.2,,1,,-99.0,211
18/09/24 21:01:29,080D,080D,2,-99.00,-1.0,3145,2971,12.11,12.14,16.5,,3,,-99.0,212
18/09/24 21:01:35,080D,080D,2,-99.00,-1.0,3425,3029,12.11,12.14,16.3,,2,,-99.0,213
18/09/24 21:01:50,080D,080D,1,-99.00,-1.0,3410,3026,12.12,12.12,16.3,,1,,-99.0,214
18/09/24 23:08:17,080D,080D,1,-99.00,-1.0,3389,2986,12.11,12.13,15.4,,2,,-99.0,215
18/09/24 23:08:18,080D,080D,2,-99.00,-1.0,3146,2985,12.11,12.13,15.2,,4,,-99.0,216
19/09/24 01:00:00,080D,080D,0,-99.00,-1.0,3292,2950,12.13,12.13,14.6,,0,,-99.0,217
19/09/24 05:00:00,080D,080D,0,-99.00,-1.0,3193,2954,12.12,12.12,14.5,,0,,-99.0,218
19/09/24 07:15:48,080D,080D,1,-99.00,-1.0,3182,3023,12.10,12.12,14.5,,2,,-99.0,219
19/09/24 09:00:00,080D,080D,0,-99.00,-1.0,3069,2960,12.13,12.12,14.9,,0,,-99.0,220
19/09/24 13:00:00,080D,080D,0,-99.00,-1.0,2872,2966,12.14,12.13,17.6,,0,,-99.0,221
19/09/24 17:00:00,080D,080D,0,-99.00,-1.0,3241,2929,12.15,12.15,19.0,,0,,-99.0,222
19/09/24 21:00:00,080D,080D,0,-99.00,-1.0,3385,2937,12.13,12.13,16.3,,0,,-99.0,223
19/09/24 21:42:39,080D,080D,1,-99.00,-1.0,3408,2984,12.12,12.13,15.9,,1,,-99.0,224
19/09/24 21:42:42,080D,080D,2,-99.00,-1.0,3365,3025,12.12,12.13,15.7,,3,,-99.0,225
20/09/24 00:46:46,080D,080D,1,-99.00,-1.0,3358,3005,12.10,12.12,14.8,,1,,-99.0,226
20/09/24 01:00:00,080D,080D,0,-99.00,-1.0,3319,2954,12.12,12.12,14.8,,0,,-99.0,227
20/09/24 02:10:19,080D,080D,1,-99.00,-1.0,3322,3012,12.09,12.12,14.5,,1,,-99.0,228
20/09/24 02:10:25,080D,080D,2,-99.00,-1.0,3533,3078,12.09,12.12,14.7,,2,,-99.0,229
20/09/24 04:26:20,080D,080D,1,-99.00,-1.0,3300,3014,12.10,12.12,14.7,,2,,-99.0,230
20/09/24 04:26:26,080D,080D,2,-99.00,-1.0,3515,3082,12.10,12.12,14.6,,4,,-99.0,231
20/09/24 05:00:00,080D,080D,0,-99.00,-1.0,3257,2959,12.12,12.12,14.5,,0,,-99.0,232
20/09/24 09:00:00,080D,080D,0,-99.00,-1.0,3116,2964,12.12,12.12,14.6,,0,,-99.0,233
20/09/24 13:00:00,080D,080D,0,-99.00,-1.0,2899,2964,12.12,12.12,16.5,,0,,-99.0,234
20/09/24 17:00:00,080D,080D,0,-99.00,-1.0,3066,2950,12.13,12.13,17.7,,0,,-99.0,235
20/09/24 20:42:16,080D,080D,1,-99.00,-1.0,3396,2994,12.11,12.13,17.1,,1,,-99.0,236
20/09/24 20:42:18,080D,080D,2,-99.00,-1.0,3338,3034,12.11,12.13,17.0,,3,,-99.0,237
20/09/24 21:00:00,080D,080D,0,-99.00,-1.0,3376,2943,12.13,12.12,17.0,,0,,-99.0,238
21/09/24 01:00:00,080D,080D,0,-99.00,-1.0,3327,2958,12.12,12.12,15.3,,0,,-99.0,239
21/09/24 01:19:56,080D,080D,1,-99.00,-1.0,3355,3015,12.08,12.12,15.3,,1,,-99.0,240
21/09/24 01:19:59,080D,080D,2,-99.00,-1.0,3326,3056,12.08,12.12,15.3,,3,,-99.0,241
21/09/24 05:00:00,080D,080D,0,-99.00,-1.0,3274,2964,12.12,12.11,15.4,,0,,-99.0,242
21/09/24 09:00:00,080D,080D,0,-99.00,-1.0,3215,2967,12.11,12.11,15.4,,0,,-99.0,243
21/09/24 13:00:00,080D,080D,0,-99.00,-1.0,3210,2955,12.12,12.12,16.6,,0,,-99.0,244
21/09/24 17:00:00,080D,080D,0,-99.00,-1.0,3137,2953,12.12,12.12,17.6,,0,,-99.0,245
21/09/24 20:49:37,080D,080D,1,-99.00,-1.0,3414,2997,12.09,12.12,16.6,,1,,-99.0,246
21/09/24 21:00:00,080D,080D,0,-99.00,-1.0,3386,2947,12.12,12.12,16.5,,0,,-99.0,247
21/09/24 23:28:26,080D,080D,1,-99.00,-1.0,3390,3007,12.09,12.11,15.9,,2,,-99.0,248
21/09/24 23:28:28,080D,080D,2,-99.00,-1.0,3300,3038,12.09,12.11,15.8,,4,,-99.0,249
22/09/24 01:00:00,080D,080D,0,-99.00,-1.0,3341,2960,12.11,12.10,15.5,,0,,-99.0,250
22/09/24 05:00:00,080D,080D,0,-99.00,-1.0,3294,2968,12.10,12.10,15.2,,0,,-99.0,251
22/09/24 09:00:00,080D,080D,0,-99.00,-1.0,3279,2966,12.10,12.10,15.0,,0,,-99.0,252
22/09/24 13:00:00,080D,080D,0,-99.00,-1.0,3065,2965,12.11,12.10,16.0,,0,,-99.0,253
22/09/24 17:00:00,080D,080D,0,-99.00,-1.0,3082,2957,12.11,12.11,17.2,,0,,-99.0,254
22/09/24 19:49:25,080D,080D,1,-99.00,-1.0,3322,3016,12.08,12.11,17.0,,2,,-99.0,255
22/09/24 19:49:26,080D,080D,2,-99.00,-1.0,3237,3038,12.08,12.11,16.8,,4,,-99.0,256
22/09/24 20:00:09,080D,080D,1,-99.00,-1.0,3326,3016,12.08,12.11,16.7,,1,,-99.0,257
22/09/24 20:37:21,080D,080D,1,-99.00,-1.0,3340,3013,12.10,12.11,17.2,,1,,-99.0,258
22/09/24 20:37:26,080D,080D,2,-99.00,-1.0,3543,3096,12.10,12.11,17.0,,2,,-99.0,259
22/09/24 21:00:00,080D,080D,0,-99.00,-1.0,3311,2954,12.11,12.11,16.8,,0,,-99.0,260
22/09/24 21:06:47,080D,080D,1,-99.00,-1.0,3354,3012,12.07,12.11,16.5,,1,,-99.0,261
23/09/24 00:31:02,080D,080D,1,-99.00,-1.0,3353,3013,12.08,12.10,16.2,,2,,-99.0,262
23/09/24 00:32:03,080D,080D,1,-99.00,-1.0,3352,3011,12.07,12.10,16.2,,2,,-99.0,263
23/09/24 00:32:05,080D,080D,2,-99.00,-1.0,3257,3044,12.07,12.10,16.2,,4,,-99.0,264
23/09/24 01:00:00,080D,080D,0,-99.00,-1.0,3318,2957,12.10,12.10,16.0,,0,,-99.0,265
23/09/24 01:34:16,080D,080D,1,-99.00,-1.0,3350,3014,12.08,12.10,16.0,,2,,-99.0,266
23/09/24 01:34:27,080D,080D,2,-99.00,-1.0,3586,3112,12.08,12.10,15.9,,2,,-99.0,267
23/09/24 01:55:16,080D,080D,1,-99.00,-1.0,3347,3017,12.08,12.10,16.0,,2,,-99.0,268
23/09/24 01:55:24,080D,080D,2,-99.00,-1.0,3579,3117,12.08,12.10,15.9,,1,,-99.0,269
23/09/24 01:55:25,080D,080D,2,-99.00,-1.0,3328,3072,12.08,12.10,15.9,,3,,-99.0,270
23/09/24 01:55:48,080D,080D,1,-99.00,-1.0,3364,3017,12.08,12.08,16.0,,2,,-99.0,271
23/09/24 01:55:51,080D,080D,2,-99.00,-1.0,3463,3093,12.08,12.08,15.9,,4,,-99.0,272
23/09/24 01:56:00,080D,080D,2,-99.00,-1.0,3578,3116,12.08,12.08,16.1,,1,,-99.0,273
23/09/24 01:56:01,080D,080D,2,-99.00,-1.0,3348,3074,12.08,12.08,15.8,,3,,-99.0,274
23/09/24 01:56:42,080D,080D,1,-99.00,-1.0,3313,2967,12.08,12.10,15.9,,1,,-99.0,275
23/09/24 01:56:46,080D,080D,2,-99.00,-1.0,3504,3101,12.08,12.10,16.0,,2,,-99.0,276
23/09/24 01:56:52,080D,080D,2,-99.00,-1.0,3554,3119,12.08,12.10,16.2,,2,,-99.0,277
23/09/24 05:00:00,080D,080D,0,-99.00,-1.0,3296,2967,12.09,12.09,15.7,,0,,-99.0,278
23/09/24 05:36:07,080D,080D,1,-99.00,-1.0,3345,3025,12.06,12.09,15.7,,1,,-99.0,279
23/09/24 09:00:00,080D,080D,0,-99.00,-1.0,3339,2965,12.08,12.09,14.8,,0,,-99.0,280
23/09/24 13:00:00,080D,080D,0,-99.00,-1.0,3271,2974,12.08,12.08,14.3,,0,,-99.0,281
23/09/24 17:00:00,080D,080D,0,-99.00,-1.0,3285,2972,12.08,12.08,14.0,,0,,-99.0,282
23/09/24 19:21:02,080D,080D,1,-99.00,-1.0,3323,3042,12.06,12.08,13.6,,1,,-99.0,283
23/09/24 19:21:04,080D,080D,2,-99.00,-1.0,3358,3077,12.06,12.08,13.8,,3,,-99.0,284
23/09/24 20:04:55,080D,080D,1,-99.00,-1.0,3309,3035,12.05,12.08,13.8,,2,,-99.0,285
23/09/24 20:04:59,080D,080D,2,-99.00,-1.0,3491,3121,12.05,12.08,13.8,,4,,-99.0,286
23/09/24 20:48:47,080D,080D,1,-99.00,-1.0,3304,3031,12.06,12.08,13.9,,2,,-99.0,287
23/09/24 20:48:49,080D,080D,2,-99.00,-1.0,3369,3073,12.06,12.08,13.7,,4,,-99.0,288
23/09/24 20:59:08,080D,080D,1,-99.00,-1.0,3303,3034,12.05,12.07,13.6,,1,,-99.0,289
23/09/24 20:59:13,080D,080D,2,-99.00,-1.0,3500,3115,12.05,12.07,13.5,,2,,-99.0,290
23/09/24 21:00:00,080D,080D,0,-99.00,-1.0,3248,2956,12.07,12.07,13.8,,0,,-99.0,291
23/09/24 22:48:26,080D,080D,1,-99.00,-1.0,3293,3038,12.04,12.07,13.5,,2,,-99.0,292
23/09/24 22:48:32,080D,080D,2,-99.00,-1.0,3517,3120,12.04,12.07,13.5,,1,,-99.0,293
23/09/24 22:48:40,080D,080D,2,-99.00,-1.0,3533,3133,12.04,12.07,13.6,,2,,-99.0,294
23/09/24 23:14:50,080D,080D,1,-99.00,-1.0,3258,3040,12.04,12.07,13.6,,2,,-99.0,295
23/09/24 23:15:00,080D,080D,2,-99.00,-1.0,3515,3132,12.04,12.07,13.7,,1,,-99.0,296
23/09/24 23:22:58,080D,080D,1,-99.00,-1.0,3256,3034,12.05,12.07,13.8,,1,,-99.0,297
24/09/24 00:49:11,080D,080D,1,-99.00,-1.0,3285,3041,12.04,12.06,13.5,,2,,-99.0,298
24/09/24 00:49:12,080D,080D,2,-99.00,-1.0,3194,3058,12.04,12.06,13.7,,4,,-99.0,299
24/09/24 01:00:00,080D,080D,0,-99.00,-1.0,3236,2980,12.07,12.06,13.7,,0,,-99.0,300
24/09/24 01:17:37,080D,080D,1,-99.00,-1.0,3283,3044,12.04,12.06,13.5,,1,,-99.0,301
24/09/24 03:01:30,080D,080D,1,-99.00,-1.0,3290,3039,12.04,12.06,13.8,,4,,-99.0,302
24/09/24 03:01:31,080D,080D,2,-99.00,-1.0,3148,3038,12.04,12.06,13.8,,4,,-99.0,303
24/09/24 04:22:45,080D,080D,1,-99.00,-1.0,3303,3039,12.04,12.06,13.6,,2,,-99.0,304
24/09/24 05:00:00,080D,080D,0,-99.00,-1.0,3264,2977,12.06,12.06,13.5,,0,,-99.0,305
24/09/24 09:00:00,080D,080D,0,-99.00,-1.0,3277,2981,12.06,12.06,12.9,,0,,-99.0,306
24/09/24 13:00:00,080D,080D,0,-99.00,-1.0,3024,2996,12.06,12.06,13.3,,0,,-99.0,307
24/09/24 17:00:00,080D,080D,0,-99.00,-1.0,3266,2975,12.06,12.06,13.2,,0,,-99.0,308
24/09/24 21:00:00,080D,080D,0,-99.00,-1.0,3331,2983,12.05,12.05,11.6,,0,,-99.0,309
25/09/24 00:03:31,080D,080D,1,-99.00,-1.0,3353,3041,12.02,12.05,11.1,,1,,-99.0,310
25/09/24 01:00:00,080D,080D,0,-99.00,-1.0,3316,2986,12.05,12.05,10.9,,0,,-99.0,311
25/09/24 05:00:00,080D,080D,0,-99.00,-1.0,3267,2994,12.04,12.04,10.3,,0,,-99.0,312
25/09/24 08:50:21,080D,080D,1,-99.00,-1.0,3236,3067,12.00,12.04,10.4,,2,,-99.0,313
25/09/24 09:00:00,080D,080D,0,-99.00,-1.0,3174,2999,12.04,12.03,10.4,,0,,-99.0,314
25/09/24 13:00:00,080D,080D,0,-99.00,-1.0,2923,3012,12.05,12.04,11.9,,0,,-99.0,315
25/09/24 17:00:00,080D,080D,0,-99.00,-1.0,3077,2963,12.05,12.05,13.1,,0,,-99.0,316
25/09/24 19:43:36,080D,080D,1,-99.00,-1.0,3144,3046,12.03,12.05,13.2,,2,,-99.0,317
25/09/24 19:43:37,080D,080D,2,-99.00,-1.0,3267,3085,12.03,12.05,13.2,,4,,-99.0,318
25/09/24 20:50:12,080D,080D,1,-99.00,-1.0,3233,3031,12.03,12.05,13.2,,1,,-99.0,319
25/09/24 21:00:00,080D,080D,0,-99.00,-1.0,3184,2968,12.05,12.05,13.1,,0,,-99.0,320
25/09/24 21:03:51,080D,080D,1,-99.00,-1.0,3240,3031,12.01,12.05,13.0,,1,,-99.0,321
25/09/24 21:39:53,080D,080D,1,-99.00,-1.0,3252,3031,12.02,12.05,13.1,,1,,-99.0,322
25/09/24 23:04:31,080D,080D,1,-99.00,-1.0,3269,3034,12.02,12.05,12.8,,1,,-99.0,323
25/09/24 23:04:37,080D,080D,2,-99.00,-1.0,3510,3126,12.02,12.05,13.0,,2,,-99.0,324
26/09/24 00:23:48,080D,080D,1,-99.00,-1.0,3270,3037,12.01,12.04,12.6,,2,,-99.0,325
26/09/24 01:00:00,080D,080D,0,-99.00,-1.0,3214,2979,12.04,12.04,12.4,,0,,-99.0,326
26/09/24 01:26:47,080D,080D,1,-99.00,-1.0,3257,3043,12.02,12.04,12.5,,2,,-99.0,327
26/09/24 01:26:47,080D,080D,2,-99.00,-1.0,3139,3058,12.02,12.04,12.3,,4,,-99.0,328
26/09/24 03:30:39,080D,080D,1,-99.00,-1.0,3247,3053,12.01,12.04,12.3,,2,,-99.0,329
26/09/24 03:30:41,080D,080D,2,-99.00,-1.0,3324,3098,12.01,12.04,12.4,,4,,-99.0,330
26/09/24 03:33:15,080D,080D,1,-99.00,-1.0,3237,3049,12.00,12.04,12.3,,2,,-99.0,331
26/09/24 03:58:04,080D,080D,1,-99.00,-1.0,3228,3050,12.01,12.04,12.2,,3,,-99.0,332
26/09/24 03:58:04,080D,080D,2,-99.00,-1.0,3139,3066,12.01,12.04,12.2,,3,,-99.0,333
26/09/24 03:58:10,080D,080D,2,-99.00,-1.0,3483,3160,12.01,12.04,12.3,,2,,-99.0,334
26/09/24 03:58:44,080D,080D,1,-99.00,-1.0,3247,3046,12.02,12.03,12.6,,1,,-99.0,335
26/09/24 04:11:45,080D,080D,1,-99.00,-1.0,3232,3049,12.00,12.04,12.4,,1,,-99.0,336
26/09/24 04:11:47,080D,080D,2,-99.00,-1.0,3337,3102,12.00,12.04,12.4,,3,,-99.0,337
26/09/24 05:00:00,080D,080D,0,-99.00,-1.0,3180,2980,12.04,12.03,12.4,,0,,-99.0,338
26/09/24 09:00:00,080D,080D,0,-99.00,-1.0,3056,2985,12.04,12.03,12.8,,0,,-99.0,339
26/09/24 13:00:00,080D,080D,0,-99.00,-1.0,3028,2955,12.05,12.05,14.4,,0,,-99.0,340
26/09/24 17:00:00,080D,080D,0,-99.00,-1.0,3157,2962,12.05,12.05,14.4,,0,,-99.0,341
26/09/24 19:44:46,080D,080D,1,-99.00,-1.0,3342,3028,12.01,12.04,13.4,,2,,-99.0,342
26/09/24 19:44:46,080D,080D,2,-99.00,-1.0,3210,3053,12.01,12.04,13.5,,4,,-99.0,343
26/09/24 20:45:04,080D,080D,1,-99.00,-1.0,3358,3026,12.02,12.03,12.7,,2,,-99.0,344
26/09/24 20:45:08,080D,080D,2,-99.00,-1.0,3491,3104,12.02,12.03,12.9,,4,,-99.0,345
26/09/24 20:50:51,080D,080D,1,-99.00,-1.0,3355,3025,12.01,12.03,12.8,,2,,-99.0,346
26/09/24 20:50:57,080D,080D,2,-99.00,-1.0,3532,3116,12.01,12.03,12.8,,4,,-99.0,347
26/09/24 21:00:00,080D,080D,0,-99.00,-1.0,3314,2966,12.03,12.03,12.8,,0,,-99.0,348
26/09/24 21:57:18,080D,080D,1,-99.00,-1.0,3360,3026,12.00,12.03,12.3,,2,,-99.0,349
26/09/24 21:57:40,080D,080D,1,-99.00,-1.0,3393,3043,12.01,12.00,12.4,,2,,-99.0,350
26/09/24 21:57:48,080D,080D,2,-99.00,-1.0,3559,3128,12.01,12.00,12.3,,2,,-99.0,351
26/09/24 21:57:54,080D,080D,2,-99.00,-1.0,3518,3122,12.01,12.00,12.5,,2,,-99.0,352
26/09/24 22:31:27,080D,080D,1,-99.00,-1.0,3349,3031,12.00,12.03,12.2,,1,,-99.0,353
26/09/24 22:31:30,080D,080D,2,-99.00,-1.0,3432,3102,12.00,12.03,12.1,,3,,-99.0,354
26/09/24 22:36:59,080D,080D,1,-99.00,-1.0,3348,3031,11.99,12.02,12.1,,1,,-99.0,355
26/09/24 23:06:25,080D,080D,1,-99.00,-1.0,3339,3035,12.01,12.02,12.0,,2,,-99.0,356
27/09/24 00:53:16,080D,080D,1,-99.00,-1.0,3324,3039,12.00,12.02,11.7,,2,,-99.0,357
27/09/24 01:00:00,080D,080D,0,-99.00,-1.0,3276,2979,12.02,12.02,11.5,,0,,-99.0,358
27/09/24 01:50:09,080D,080D,1,-99.00,-1.0,3342,3037,12.00,12.02,11.1,,1,,-99.0,359
27/09/24 01:50:09,080D,080D,2,-99.00,-1.0,3154,3046,12.00,12.02,11.1,,3,,-99.0,360
27/09/24 01:50:16,080D,080D,2,-99.00,-1.0,3501,3130,12.00,12.02,11.3,,2,,-99.0,361
27/09/24 01:51:09,080D,080D,1,-99.00,-1.0,3332,3023,11.99,12.01,11.4,,2,,-99.0,362
27/09/24 01:52:40,080D,080D,1,-99.00,-1.0,3333,3025,11.99,12.01,11.2,,2,,-99.0,363
27/09/24 01:53:41,080D,080D,1,-99.00,-1.0,3333,3019,11.99,12.01,11.5,,2,,-99.0,364
27/09/24 01:54:15,080D,080D,1,-99.00,-1.0,3347,3019,11.99,12.01,11.4,,2,,-99.0,365
27/09/24 01:54:15,080D,080D,2,-99.00,-1.0,3134,3043,11.99,12.01,11.3,,4,,-99.0,366
27/09/24 02:08:00,080D,080D,1,-99.00,-1.0,3346,3033,12.00,12.01,11.3,,1,,-99.0,367
27/09/24 02:08:00,080D,080D,2,-99.00,-1.0,3154,3047,12.00,12.01,11.2,,3,,-99.0,368
27/09/24 02:08:55,080D,080D,1,-99.00,-1.0,3340,3026,11.98,12.01,11.2,,2,,-99.0,369
27/09/24 02:26:37,080D,080D,1,-99.00,-1.0,3344,3032,11.98,12.01,11.2,,1,,-99.0,370
27/09/24 03:26:32,080D,080D,1,-99.00,-1.0,3347,3033,11.97,12.01,10.6,,2,,-99.0,371
27/09/24 03:26:33,080D,080D,2,-99.00,-1.0,3150,3043,11.97,12.01,10.6,,4,,-99.0,372
27/09/24 05:00:00,080D,080D,0,-99.00,-1.0,3306,2981,12.00,12.00,10.2,,0,,-99.0,373
27/09/24 09:00:00,080D,080D,0,-99.00,-1.0,3256,2999,12.00,11.99,8.6,,0,,-99.0,374
27/09/24 13:00:00,080D,080D,0,-99.00,-1.0,2990,3010,12.00,12.00,10.0,,0,,-99.0,375
27/09/24 17:00:00,080D,080D,0,-99.00,-1.0,3065,2974,12.00,12.00,10.7,,0,,-99.0,376
27/09/24 19:23:48,080D,080D,1,-99.00,-1.0,3341,3026,11.97,12.00,9.5,,1,,-99.0,377
27/09/24 21:00:00,080D,080D,0,-99.00,-1.0,3295,2981,11.99,11.99,8.6,,0,,-99.0,378
28/09/24 01:00:00,080D,080D,0,-99.00,-1.0,3256,2994,11.98,11.98,7.2,,0,,-99.0,379
28/09/24 05:00:00,080D,080D,0,-99.00,-1.0,3421,3105,11.97,11.97,6.1,,0,,-99.0,380
28/09/24 09:00:00,080D,080D,0,-99.00,-1.0,2964,3037,11.97,11.97,6.6,,0,,-99.0,381
28/09/24 13:00:00,080D,080D,0,-99.00,-1.0,2829,2998,12.00,11.99,10.8,,0,,-99.0,382
28/09/24 17:00:00,080D,080D,0,-99.00,-1.0,2980,2957,12.00,12.00,11.4,,0,,-99.0,383
28/09/24 19:44:44,080D,080D,1,-99.00,-1.0,3163,3032,11.96,12.00,10.7,,2,,-99.0,384
28/09/24 21:00:00,080D,080D,0,-99.00,-1.0,3122,2968,12.00,11.99,10.1,,0,,-99.0,385
29/09/24 01:00:00,080D,080D,0,-99.00,-1.0,3147,2976,11.98,11.98,8.9,,0,,-99.0,386
29/09/24 05:00:00,080D,080D,0,-99.00,-1.0,3166,2985,11.98,11.98,7.7,,0,,-99.0,387
29/09/24 09:00:00,080D,080D,0,-99.00,-1.0,2953,3005,11.98,11.98,7.9,,0,,-99.0,388
29/09/24 13:00:00,080D,080D,0,-99.00,-1.0,2808,2994,11.99,11.99,11.1,,0,,-99.0,389
29/09/24 17:00:00,080D,080D,0,-99.00,-1.0,3014,2966,12.00,12.00,11.4,,0,,-99.0,390
29/09/24 19:33:04,080D,080D,1,-99.00,-1.0,3182,3034,11.97,11.99,10.6,,1,,-99.0,391
29/09/24 19:33:08,080D,080D,2,-99.00,-1.0,3423,3127,11.97,11.99,10.6,,2,,-99.0,392
29/09/24 21:00:00,080D,080D,0,-99.00,-1.0,3133,2973,11.99,11.99,10.3,,0,,-99.0,393
29/09/24 21:04:12,080D,080D,1,-99.00,-1.0,3185,3039,11.96,11.99,10.3,,2,,-99.0,394
29/09/24 21:04:14,080D,080D,2,-99.00,-1.0,3327,3096,11.96,11.99,10.4,,4,,-99.0,395
30/09/24 00:56:11,080D,080D,1,-99.00,-1.0,3102,3061,11.95,11.98,10.4,,1,,-99.0,396
30/09/24 01:00:00,080D,080D,0,-99.00,-1.0,3017,2982,11.98,11.98,10.3,,0,,-99.0,397
30/09/24 01:51:21,080D,080D,1,-99.00,-1.0,3055,3067,11.96,11.98,10.3,,1,,-99.0,398
30/09/24 01:52:21,080D,080D,1,-99.00,-1.0,3050,3059,11.96,11.98,10.5,,2,,-99.0,399
30/09/24 04:02:55,080D,080D,1,-99.00,-1.0,3126,3084,11.97,11.99,11.2,,1,,-99.0,400
30/09/24 05:00:00,080D,080D,0,-99.00,-1.0,2891,2989,11.99,11.98,11.6,,0,,-99.0,401
30/09/24 09:00:00,080D,080D,0,-99.00,-1.0,2855,2981,12.00,12.00,13.0,,0,,-99.0,402
30/09/24 13:00:00,080D,080D,0,-99.00,-1.0,3041,2950,12.00,12.00,13.7,,0,,-99.0,403
30/09/24 17:00:00,080D,080D,0,-99.00,-1.0,3116,2967,12.00,11.99,12.7,,0,,-99.0,404
30/09/24 21:00:00,080D,080D,0,-99.00,-1.0,3160,2971,11.99,11.99,11.9,,0,,-99.0,405
01/10/24 01:00:00,080D,080D,0,-99.00,-1.0,3123,2979,11.98,11.98,10.7,,0,,-99.0,406
01/10/24 05:00:00,080D,080D,0,-99.00,-1.0,3063,2981,11.98,11.98,10.6,,0,,-99.0,407
01/10/24 09:00:00,080D,080D,0,-99.00,-1.0,2961,2987,11.98,11.98,10.7,,0,,-99.0,408
01/10/24 13:00:00,080D,080D,0,-99.00,-1.0,2924,2986,11.98,11.98,11.5,,0,,-99.0,409
01/10/24 17:00:00,080D,080D,0,-99.00,-1.0,3006,2974,11.98,11.98,11.9,,0,,-99.0,410
01/10/24 20:34:17,080D,080D,1,-99.00,-1.0,3107,3051,11.96,11.98,12.0,,1,,-99.0,411
01/10/24 21:00:00,080D,080D,0,-99.00,-1.0,3042,2973,11.98,11.98,11.8,,0,,-99.0,412
01/10/24 21:03:01,080D,080D,1,-99.00,-1.0,3108,3048,11.95,11.98,11.8,,2,,-99.0,413
01/10/24 21:03:07,080D,080D,2,-99.00,-1.0,3424,3154,11.95,11.98,11.7,,1,,-99.0,414
01/10/24 21:04:00,080D,080D,1,-99.00,-1.0,3105,3042,11.95,11.98,12.1,,1,,-99.0,415
02/10/24 01:00:00,080D,080D,0,-99.00,-1.0,3031,2978,11.98,11.98,11.7,,0,,-99.0,416
02/10/24 05:00:00,080D,080D,0,-99.00,-1.0,3028,2979,11.98,11.98,11.9,,0,,-99.0,417
02/10/24 09:00:00,080D,080D,0,-99.00,-1.0,2993,2982,11.98,11.98,12.1,,0,,-99.0,418
02/10/24 13:00:00,080D,080D,0,-99.00,-1.0,2879,2997,11.98,11.98,13.2,,0,,-99.0,419
02/10/24 17:00:00,080D,080D,0,-99.00,-1.0,3053,2968,11.98,11.98,13.3,,0,,-99.0,420
02/10/24 19:41:09,080D,080D,1,-99.00,-1.0,3252,3036,11.95,11.98,12.3,,3,,-99.0,421
02/10/24 19:41:10,080D,080D,2,-99.00,-1.0,3149,3051,11.95,11.98,12.0,,3,,-99.0,422
02/10/24 20:32:43,080D,080D,1,-99.00,-1.0,3237,3044,11.95,11.97,11.7,,2,,-99.0,423
02/10/24 20:32:46,080D,080D,2,-99.00,-1.0,3405,3100,11.95,11.97,12.0,,4,,-99.0,424
02/10/24 21:00:00,080D,080D,0,-99.00,-1.0,3187,2978,11.98,11.97,11.7,,0,,-99.0,425
03/10/24 01:00:00,080D,080D,0,-99.00,-1.0,3266,2982,11.96,11.96,10.0,,0,,-99.0,426
03/10/24 05:00:00,080D,080D,0,-99.00,-1.0,3242,2994,11.95,11.95,8.3,,0,,-99.0,427
03/10/24 09:00:00,080D,080D,0,-99.00,-1.0,2978,3016,11.95,11.95,7.9,,0,,-99.0,428
03/10/24 13:00:00,080D,080D,0,-99.00,-1.0,2918,3065,11.96,11.96,12.9,,0,,-99.0,429
03/10/24 17:00:00,080D,080D,0,-99.00,-1.0,2926,2923,11.98,11.97,12.9,,0,,-99.0,430
03/10/24 21:00:00,080D,080D,0,-99.00,-1.0,2973,2936,11.96,11.96,11.2,,0,,-99.0,431
04/10/24 01:00:00,080D,080D,0,-99.00,-1.0,3021,2943,11.95,11.95,9.5,,0,,-99.0,432
04/10/24 05:00:00,080D,080D,0,-99.00,-1.0,3009,2953,11.95,11.94,8.1,,0,,-99.0,433
04/10/24 09:00:00,080D,080D,0,-99.00,-1.0,2837,2988,11.94,11.94,7.9,,0,,-99.0,434
04/10/24 11:43:34,080D,080D,1,-99.00,-1.0,3183,3170,11.91,11.95,10.7,,2,,-99.0,435
04/10/24 13:00:00,080D,080D,0,-99.00,-1.0,2922,3068,11.96,11.95,12.4,,0,,-99.0,436
04/10/24 17:00:00,080D,080D,0,-99.00,-1.0,2839,2932,11.97,11.96,13.2,,0,,-99.0,437
04/10/24 19:37:51,080D,080D,1,-99.00,-1.0,3070,3005,11.94,11.96,11.8,,1,,-99.0,438
04/10/24 19:37:56,080D,080D,2,-99.00,-1.0,3414,3137,11.94,11.96,12.0,,2,,-99.0,439
04/10/24 21:00:00,080D,080D,0,-99.00,-1.0,2998,2928,11.96,11.96,11.2,,0,,-99.0,440
05/10/24 00:51:57,080D,080D,1,-99.00,-1.0,3094,3005,11.91,11.95,9.7,,1,,-99.0,441
05/10/24 00:52:12,080D,080D,2,-99.00,-1.0,3491,3177,11.91,11.95,9.7,,1,,-99.0,442
05/10/24 00:52:19,080D,080D,2,-99.00,-1.0,3470,3176,11.91,11.95,9.8,,2,,-99.0,443
05/10/24 00:53:56,080D,080D,1,-99.00,-1.0,3085,2993,11.91,11.95,9.5,,2,,-99.0,444
05/10/24 01:00:00,080D,080D,0,-99.00,-1.0,3030,2927,11.95,11.95,9.6,,0,,-99.0,445
05/10/24 05:00:00,080D,080D,0,-99.00,-1.0,2946,2953,11.94,11.93,8.6,,0,,-99.0,446
05/10/24 09:00:00,080D,080D,0,-99.00,-1.0,2807,3014,11.94,11.94,9.4,,0,,-99.0,447
05/10/24 13:00:00,080D,080D,0,-99.00,-1.0,2878,3012,11.95,11.95,13.2,,0,,-99.0,448
05/10/24 17:00:00,080D,080D,0,-99.00,-1.0,2942,2913,11.96,11.96,13.8,,0,,-99.0,449
05/10/24 21:00:00,080D,080D,0,-99.00,-1.0,3000,2942,11.95,11.94,11.4,,0,,-99.0,450
06/10/24 01:00:00,080D,080D,0,-99.00,-1.0,2886,2955,11.94,11.94,11.2,,0,,-99.0,451
06/10/24 05:00:00,080D,080D,0,-99.00,-1.0,2913,2958,11.94,11.93,10.9,,0,,-99.0,452
06/10/24 09:00:00,080D,080D,0,-99.00,-1.0,2838,2977,11.94,11.93,11.4,,0,,-99.0,453
06/10/24 13:00:00,080D,080D,0,-99.00,-1.0,2841,2960,11.95,11.94,12.8,,0,,-99.0,454
06/10/24 17:00:00,080D,080D,0,-99.00,-1.0,2914,2943,11.95,11.94,13.0,,0,,-99.0,455
06/10/24 18:53:20,080D,080D,1,-99.00,-1.0,3015,3041,11.91,11.94,12.8,,2,,-99.0,456
06/10/24 18:53:30,080D,080D,2,-99.00,-1.0,3372,3121,11.91,11.94,13.1,,2,,-99.0,457
06/10/24 18:59:03,080D,080D,1,-99.00,-1.0,3011,3039,11.92,11.94,13.0,,2,,-99.0,458
06/10/24 19:04:08,080D,080D,1,-99.00,-1.0,3019,3043,11.91,11.94,12.8,,2,,-99.0,459
06/10/24 19:04:16,080D,080D,2,-99.00,-1.0,3372,3122,11.91,11.94,13.1,,4,,-99.0,460
06/10/24 19:47:56,080D,080D,1,-99.00,-1.0,3011,3042,11.91,11.94,13.2,,1,,-99.0,461
06/10/24 19:47:58,080D,080D,2,-99.00,-1.0,3294,3104,11.91,11.94,12.9,,3,,-99.0,462
06/10/24 19:48:02,080D,080D,2,-99.00,-1.0,3345,3116,11.91,11.94,13.1,,1,,-99.0,463
06/10/24 20:36:01,080D,080D,1,-99.00,-1.0,3019,3039,11.91,11.94,13.2,,1,,-99.0,464
06/10/24 20:36:03,080D,080D,2,-99.00,-1.0,3293,3101,11.91,11.94,13.0,,3,,-99.0,465
06/10/24 21:00:00,080D,080D,0,-99.00,-1.0,2909,2950,11.94,11.93,13.1,,0,,-99.0,466
06/10/24 22:04:52,080D,080D,1,-99.00,-1.0,3034,3027,11.92,11.93,12.8,,2,,-99.0,467
07/10/24 01:00:00,080D,080D,0,-99.00,-1.0,2984,2938,11.94,11.93,12.4,,0,,-99.0,468
07/10/24 05:00:00,080D,080D,0,-99.00,-1.0,2948,2965,11.93,11.93,11.4,,0,,-99.0,469
07/10/24 09:00:00,080D,080D,0,-99.00,-1.0,2827,2992,11.93,11.93,12.0,,0,,-99.0,470
07/10/24 13:00:00,080D,080D,0,-99.00,-1.0,2828,2974,11.94,11.93,14.5,,0,,-99.0,471
07/10/24 17:00:00,080D,080D,0,-99.00,-1.0,2981,2941,11.95,11.94,14.8,,0,,-99.0,472
07/10/24 19:00:24,080D,080D,1,-99.00,-1.0,3073,3018,11.91,11.94,14.2,,1,,-99.0,473
07/10/24 19:00:24,080D,080D,2,-99.00,-1.0,3100,3046,11.91,11.94,14.2,,3,,-99.0,474
07/10/24 21:00:00,080D,080D,0,-99.00,-1.0,3031,2944,11.93,11.93,13.4,,0,,-99.0,475
08/10/24 00:57:03,080D,080D,1,-99.00,-1.0,3042,3046,11.91,11.93,13.4,,1,,-99.0,476
08/10/24 00:57:04,080D,080D,2,-99.00,-1.0,3202,3076,11.91,11.93,13.3,,3,,-99.0,477
08/10/24 01:00:00,080D,080D,0,-99.00,-1.0,2946,2959,11.93,11.93,13.2,,0,,-99.0,478
08/10/24 01:46:14,080D,080D,1,-99.00,-1.0,3055,3039,11.91,11.93,13.2,,1,,-99.0,479
08/10/24 02:01:38,080D,080D,1,-99.00,-1.0,3060,3038,11.91,11.93,12.9,,1,,-99.0,480
08/10/24 05:00:00,080D,080D,0,-99.00,-1.0,3047,2951,11.92,11.92,12.0,,0,,-99.0,481
08/10/24 09:00:00,080D,080D,0,-99.00,-1.0,2900,2967,11.92,11.92,12.1,,0,,-99.0,482
08/10/24 13:00:00,080D,080D,0,-99.00,-1.0,2820,2983,11.93,11.92,13.6,,0,,-99.0,483
08/10/24 17:00:00,080D,080D,0,-99.00,-1.0,2943,2951,11.93,11.93,13.7,,0,,-99.0,484
08/10/24 18:55:54,080D,080D,1,-99.00,-1.0,3065,3028,11.91,11.93,13.3,,1,,-99.0,485
08/10/24 18:55:54,080D,080D,2,-99.00,-1.0,3094,3058,11.91,11.93,13.2,,3,,-99.0,486
08/10/24 20:05:03,080D,080D,1,-99.00,-1.0,3038,3037,11.89,11.92,13.2,,2,,-99.0,487
08/10/24 20:05:11,080D,080D,2,-99.00,-1.0,3370,3113,11.89,11.92,13.2,,1,,-99.0,488
08/10/24 20:13:07,080D,080D,1,-99.00,-1.0,3036,3040,11.89,11.92,13.3,,1,,-99.0,489
08/10/24 20:13:14,080D,080D,2,-99.00,-1.0,3367,3114,11.89,11.92,13.2,,1,,-99.0,490
08/10/24 20:13:16,080D,080D,2,-99.00,-1.0,3321,3106,11.89,11.92,13.3,,3,,-99.0,491
08/10/24 20:42:43,080D,080D,1,-99.00,-1.0,3037,3038,11.89,11.92,12.9,,1,,-99.0,492
08/10/24 21:00:00,080D,080D,0,-99.00,-1.0,2955,2953,11.92,11.92,13.1,,0,,-99.0,493
09/10/24 01:00:00,080D,080D,0,-99.00,-1.0,2945,2957,11.92,11.91,12.7,,0,,-99.0,494
09/10/24 01:00:25,080D,080D,1,-99.00,-1.0,3048,3059,11.89,11.92,12.7,,1,,-99.0,495
09/10/24 01:00:32,080D,080D,2,-99.00,-1.0,3367,3118,11.89,11.92,12.9,,1,,-99.0,496
09/10/24 01:00:45,080D,080D,2,-99.00,-1.0,3383,3118,11.89,11.92,12.8,,1,,-99.0,497
09/10/24 01:18:52,080D,080D,1,-99.00,-1.0,3038,3037,11.89,11.91,12.9,,1,,-99.0,498
09/10/24 01:18:53,080D,080D,2,-99.00,-1.0,3089,3063,11.89,11.91,12.8,,3,,-99.0,499
09/10/24 02:03:12,080D,080D,1,-99.00,-1.0,3030,3044,11.89,11.91,12.4,,1,,-99.0,500
09/10/24 02:03:13,080D,080D,2,-99.00,-1.0,3084,3070,11.89,11.91,12.5,,3,,-99.0,501
09/10/24 02:38:23,080D,080D,1,-99.00,-1.0,3032,3039,11.89,11.91,12.8,,1,,-99.0,502
09/10/24 02:38:23,080D,080D,2,-99.00,-1.0,3084,3069,11.89,11.91,12.4,,3,,-99.0,503
09/10/24 02:59:40,080D,080D,1,-99.00,-1.0,3039,3043,11.89,11.91,12.6,,1,,-99.0,504
09/10/24 02:59:43,080D,080D,2,-99.00,-1.0,3325,3112,11.89,11.91,12.6,,3,,-99.0,505
09/10/24 05:00:00,080D,080D,0,-99.00,-1.0,2951,2959,11.91,11.91,12.5,,0,,-99.0,506
09/10/24 06:00:23,080D,080D,1,-99.00,-1.0,3040,3037,11.88,11.91,12.4,,2,,-99.0,507
09/10/24 06:00:26,080D,080D,2,-99.00,-1.0,3327,3109,11.88,11.91,12.4,,1,,-99.0,508
09/10/24 09:00:00,080D,080D,0,-99.00,-1.0,2910,2961,11.91,11.91,12.3,,0,,-99.0,509
09/10/24 13:00:00,080D,080D,0,-99.00,-1.0,2842,2967,11.91,11.91,13.2,,0,,-99.0,510
09/10/24 17:00:00,080D,080D,0,-99.00,-1.0,2976,2952,11.91,11.91,13.4,,0,,-99.0,511
09/10/24 21:00:00,080D,080D,0,-99.00,-1.0,3029,2946,11.90,11.90,12.1,,0,,-99.0,512
09/10/24 21:50:49,080D,080D,1,-99.00,-1.0,3086,3030,11.88,11.90,11.7,,4,,-99.0,513
09/10/24 21:50:49,080D,080D,2,-99.00,-1.0,3096,3062,11.88,11.90,11.8,,4,,-99.0,514
10/10/24 01:00:00,080D,080D,0,-99.00,-1.0,2995,2953,11.90,11.89,11.4,,0,,-99.0,515
10/10/24 02:09:06,080D,080D,1,-99.00,-1.0,3083,3024,11.86,11.89,11.2,,1,,-99.0,516
10/10/24 02:09:07,080D,080D,2,-99.00,-1.0,3091,3062,11.86,11.89,11.2,,3,,-99.0,517
10/10/24 05:00:00,080D,080D,0,-99.00,-1.0,3119,2947,11.89,11.89,9.9,,0,,-99.0,518
10/10/24 09:00:00,080D,080D,0,-99.00,-1.0,3013,2971,11.88,11.88,8.5,,0,,-99.0,519
10/10/24 13:00:00,080D,080D,0,-99.00,-1.0,2835,2989,11.88,11.88,9.3,,0,,-99.0,520
10/10/24 17:00:00,080D,080D,0,-99.00,-1.0,2997,2951,11.88,11.88,9.3,,0,,-99.0,521
10/10/24 21:00:00,080D,080D,0,-99.00,-1.0,3035,2961,11.88,11.87,7.5,,0,,-99.0,522
11/10/24 01:00:00,080D,080D,0,-99.00,-1.0,3203,3065,11.86,11.86,5.7,,0,,-99.0,523
11/10/24 05:00:00,080D,080D,0,-99.00,-1.0,3269,3074,11.84,11.84,4.2,,0,,-99.0,524
11/10/24 09:00:00,080D,080D,0,-99.00,-1.0,3038,3107,11.84,11.84,4.2,,0,,-99.0,525
11/10/24 13:00:00,080D,080D,0,-99.00,-1.0,2889,3032,11.86,11.86,7.9,,0,,-99.0,526
11/10/24 17:00:00,080D,080D,0,-99.00,-1.0,2789,2960,11.88,11.87,9.2,,0,,-99.0,527
11/10/24 21:00:00,080D,080D,0,-99.00,-1.0,2846,2964,11.86,11.86,8.0,,0,,-99.0,528
12/10/24 01:00:00,080D,080D,0,-99.00,-1.0,2840,2961,11.86,11.86,8.0,,0,,-99.0,529
12/10/24 01:31:35,080D,080D,1,-99.00,-1.0,2959,3050,11.84,11.86,7.9,,1,,-99.0,530
12/10/24 05:00:00,080D,080D,0,-99.00,-1.0,2830,2966,11.86,11.86,8.3,,0,,-99.0,531
12/10/24 09:00:00,080D,080D,0,-99.00,-1.0,2807,2980,11.86,11.86,8.5,,0,,-99.0,532
12/10/24 13:00:00,080D,080D,0,-99.00,-1.0,2872,3007,11.88,11.87,10.9,,0,,-99.0,533
12/10/24 17:00:00,080D,080D,0,-99.00,-1.0,2875,2934,11.88,11.88,11.9,,0,,-99.0,534
12/10/24 21:00:00,080D,080D,0,-99.00,-1.0,3107,2941,11.86,11.86,9.0,,0,,-99.0,535
13/10/24 01:00:00,080D,080D,0,-99.00,-1.0,3029,2959,11.85,11.85,7.1,,0,,-99.0,536
13/10/24 05:00:00,080D,080D,0,-99.00,-1.0,3053,3059,11.84,11.84,6.0,,0,,-99.0,537
13/10/24 09:00:00,080D,080D,0,-99.00,-1.0,2960,3098,11.84,11.83,5.9,,0,,-99.0,538
13/10/24 13:00:00,080D,080D,0,-99.00,-1.0,2819,2999,11.84,11.84,8.8,,0,,-99.0,539
13/10/24 17:00:00,080D,080D,0,-99.00,-1.0,2834,2952,11.85,11.85,9.5,,0,,-99.0,540
13/10/24 21:00:00,080D,080D,0,-99.00,-1.0,2929,2962,11.84,11.84,8.1,,0,,-99.0,541
14/10/24 00:10:43,080D,080D,1,-99.00,-1.0,2985,3049,11.80,11.84,7.4,,2,,-99.0,542
14/10/24 00:10:46,080D,080D,2,-99.00,-1.0,3320,3151,11.80,11.84,7.5,,1,,-99.0,543
14/10/24 01:00:00,080D,080D,0,-99.00,-1.0,2871,2967,11.84,11.83,7.4,,0,,-99.0,544
14/10/24 02:56:52,080D,080D,1,-99.00,-1.0,2998,3045,11.80,11.83,7.3,,1,,-99.0,545
14/10/24 02:56:53,080D,080D,2,-99.00,-1.0,3181,3099,11.80,11.83,7.4,,3,,-99.0,546
14/10/24 05:00:00,080D,080D,0,-99.00,-1.0,2849,2974,11.83,11.83,7.2,,0,,-99.0,547
14/10/24 05:21:50,080D,080D,1,-99.00,-1.0,2955,3066,11.81,11.83,7.2,,1,,-99.0,548
14/10/24 05:22:16,080D,080D,1,-99.00,-1.0,3010,3070,11.74,11.77,7.3,,1,,-99.0,549
14/10/24 09:00:00,080D,080D,0,-99.00,-1.0,2794,2980,11.83,11.83,7.9,,0,,-99.0,550
14/10/24 13:00:00,080D,080D,0,-99.00,-1.0,2793,2991,11.84,11.84,9.3,,0,,-99.0,551
14/10/24 17:00:00,080D,080D,0,-99.00,-1.0,2792,2967,11.84,11.84,10.4,,0,,-99.0,552
14/10/24 18:55:01,080D,080D,1,-99.00,-1.0,2958,3061,11.83,11.84,10.4,,3,,-99.0,553
14/10/24 18:55:01,080D,080D,2,-99.00,-1.0,3187,3093,11.83,11.84,10.6,,3,,-99.0,554
14/10/24 19:04:37,080D,080D,1,-99.00,-1.0,2960,3062,11.82,11.84,10.5,,1,,-99.0,555
14/10/24 19:16:16,080D,080D,1,-99.00,-1.0,2957,3056,11.81,11.84,10.6,,3,,-99.0,556
14/10/24 19:16:17,080D,080D,2,-99.00,-1.0,3189,3095,11.81,11.84,10.5,,3,,-99.0,557
14/10/24 19:16:25,080D,080D,2,-99.00,-1.0,3320,3131,11.81,11.84,10.6,,2,,-99.0,558
14/10/24 19:16:43,080D,080D,1,-99.00,-1.0,3030,3067,11.83,11.82,10.7,,4,,-99.0,559
14/10/24 19:16:44,080D,080D,2,-99.00,-1.0,3188,3092,11.83,11.82,10.6,,4,,-99.0,560
14/10/24 19:45:52,080D,080D,1,-99.00,-1.0,2960,3053,11.81,11.84,10.6,,2,,-99.0,561
14/10/24 19:56:45,080D,080D,1,-99.00,-1.0,2961,3052,11.81,11.84,10.6,,1,,-99.0,562
14/10/24 19:56:54,080D,080D,2,-99.00,-1.0,3335,3141,11.81,11.84,10.4,,2,,-99.0,563
14/10/24 19:56:58,080D,080D,2,-99.00,-1.0,3325,3137,11.81,11.84,10.6,,4,,-99.0,564
14/10/24 21:00:00,080D,080D,0,-99.00,-1.0,2843,2955,11.84,11.84,10.4,,0,,-99.0,565
15/10/24 01:00:00,080D,080D,0,-99.00,-1.0,2838,2963,11.84,11.84,10.1,,0,,-99.0,566
15/10/24 05:00:00,080D,080D,0,-99.00,-1.0,2818,2964,11.84,11.84,10.3,,0,,-99.0,567
15/10/24 05:07:10,080D,080D,1,-99.00,-1.0,2958,3064,11.81,11.84,10.3,,2,,-99.0,568
15/10/24 05:07:11,080D,080D,2,-99.00,-1.0,3224,3108,11.81,11.84,10.3,,4,,-99.0,569
15/10/24 09:00:00,080D,080D,0,-99.00,-1.0,2800,2970,11.84,11.84,10.9,,0,,-99.0,570
15/10/24 13:00:00,080D,080D,0,-99.00,-1.0,2837,2982,11.84,11.84,12.8,,0,,-99.0,571
15/10/24 17:00:00,080D,080D,0,-99.00,-1.0,2805,2949,11.86,11.85,14.0,,0,,-99.0,572
15/10/24 18:43:52,080D,080D,1,-99.00,-1.0,2972,3043,11.83,11.86,14.1,,2,,-99.0,573
15/10/24 18:43:59,080D,080D,2,-99.00,-1.0,3304,3102,11.83,11.86,14.0,,4,,-99.0,574
15/10/24 19:50:24,080D,080D,1,-99.00,-1.0,2974,3039,11.84,11.85,14.0,,1,,-99.0,575
15/10/24 21:00:00,080D,080D,0,-99.00,-1.0,2852,2944,11.86,11.85,13.7,,0,,-99.0,576
16/10/24 01:00:00,080D,080D,0,-99.00,-1.0,2816,2959,11.85,11.85,13.7,,0,,-99.0,577
16/10/24 01:27:40,080D,080D,1,-99.00,-1.0,2976,3055,11.83,11.85,13.8,,2,,-99.0,578
16/10/24 01:27:46,080D,080D,2,-99.00,-1.0,3282,3101,11.83,11.85,13.9,,2,,-99.0,579
16/10/24 01:27:47,080D,080D,2,-99.00,-1.0,3258,3099,11.83,11.85,13.7,,4,,-99.0,580
16/10/24 03:00:44,080D,080D,1,-99.00,-1.0,2979,3055,11.82,11.85,14.0,,2,,-99.0,581
16/10/24 03:00:48,080D,080D,2,-99.00,-1.0,3279,3105,11.82,11.85,14.3,,4,,-99.0,582
16/10/24 03:00:56,080D,080D,2,-99.00,-1.0,3280,3103,11.82,11.85,14.0,,1,,-99.0,583
16/10/24 03:01:25,080D,080D,1,-99.00,-1.0,3002,3055,11.83,11.84,14.3,,3,,-99.0,584
16/10/24 03:01:25,080D,080D,2,-99.00,-1.0,3196,3078,11.83,11.84,14.0,,3,,-99.0,585
16/10/24 05:00:00,080D,080D,0,-99.00,-1.0,2817,2945,11.85,11.85,14.3,,0,,-99.0,586
16/10/24 09:00:00,080D,080D,0,-99.00,-1.0,2815,2955,11.85,11.85,14.7,,0,,-99.0,587
16/10/24 13:00:00,080D,080D,0,-99.00,-1.0,2837,2958,11.85,11.85,15.8,,0,,-99.0,588
16/10/24 17:00:00,080D,080D,0,-99.00,-1.0,2822,2929,11.86,11.86,16.4,,0,,-99.0,589
16/10/24 19:17:18,080D,080D,1,-99.00,-1.0,2976,3023,11.83,11.86,16.2,,1,,-99.0,590
16/10/24 19:17:20,080D,080D,2,-99.00,-1.0,3138,3061,11.83,11.86,16.2,,3,,-99.0,591
16/10/24 19:17:24,080D,080D,2,-99.00,-1.0,3160,3065,11.83,11.86,16.1,,1,,-99.0,592
16/10/24 19:22:15,080D,080D,1,-99.00,-1.0,2977,3027,11.84,11.86,16.3,,2,,-99.0,593
16/10/24 19:22:21,080D,080D,2,-99.00,-1.0,3167,3070,11.84,11.86,16.3,,4,,-99.0,594
16/10/24 21:00:00,080D,080D,0,-99.00,-1.0,2863,2922,11.86,11.86,16.2,,0,,-99.0,595
16/10/24 21:16:21,080D,080D,1,-99.00,-1.0,2990,3009,11.83,11.86,16.2,,2,,-99.0,596
16/10/24 21:16:22,080D,080D,2,-99.00,-1.0,3113,3045,11.83,11.86,16.2,,4,,-99.0,597
17/10/24 00:04:05,080D,080D,1,-99.00,-1.0,2998,3012,11.84,11.85,15.6,,2,,-99.0,598
17/10/24 00:04:15,080D,080D,2,-99.00,-1.0,3330,3073,11.84,11.85,15.7,,2,,-99.0,599
17/10/24 01:00:00,080D,080D,0,-99.00,-1.0,2875,2930,11.85,11.85,15.5,,0,,-99.0,600
17/10/24 04:29:47,080D,080D,1,-99.00,-1.0,3020,3005,11.82,11.85,14.7,,1,,-99.0,601
17/10/24 05:00:00,080D,080D,0,-99.00,-1.0,2980,2913,11.84,11.84,14.6,,0,,-99.0,602
17/10/24 09:00:00,080D,080D,0,-99.00,-1.0,2916,2934,11.83,11.83,12.7,,0,,-99.0,603
17/10/24 13:00:00,080D,080D,0,-99.00,-1.0,2819,2948,11.84,11.83,13.8,,0,,-99.0,604
17/10/24 17:00:00,080D,080D,0,-99.00,-1.0,2840,2921,11.84,11.84,14.2,,0,,-99.0,605
17/10/24 21:00:00,080D,080D,0,-99.00,-1.0,2932,2930,11.84,11.83,12.3,,0,,-99.0,606
18/10/24 01:00:00,080D,080D,0,-99.00,-1.0,2863,2942,11.83,11.82,11.4,,0,,-99.0,607
18/10/24 05:00:00,080D,080D,0,-99.00,-1.0,2897,2939,11.82,11.81,10.5,,0,,-99.0,608
18/10/24 09:00:00,080D,080D,0,-99.00,-1.0,2789,2950,11.82,11.81,10.8,,0,,-99.0,609
18/10/24 13:00:00,080D,080D,0,-99.00,-1.0,2808,2946,11.82,11.82,12.8,,0,,-99.0,610
18/10/24 17:00:00,080D,080D,0,-99.00,-1.0,2803,2929,11.83,11.83,13.1,,0,,-99.0,611
18/10/24 19:03:57,080D,080D,1,-99.00,-1.0,2956,3029,11.80,11.83,12.3,,1,,-99.0,612
18/10/24 19:03:58,080D,080D,2,-99.00,-1.0,3234,3080,11.80,11.83,12.3,,3,,-99.0,613
18/10/24 19:04:04,080D,080D,2,-99.00,-1.0,3312,3102,11.80,11.83,12.3,,2,,-99.0,614
18/10/24 19:04:05,080D,080D,2,-99.00,-1.0,3246,3081,11.80,11.83,12.5,,4,,-99.0,615
18/10/24 19:04:29,080D,080D,1,-99.00,-1.0,3000,3032,11.79,11.81,12.3,,1,,-99.0,616
18/10/24 19:05:37,080D,080D,1,-99.00,-1.0,2940,3007,11.79,11.83,12.6,,1,,-99.0,617
18/10/24 19:05:44,080D,080D,2,-99.00,-1.0,3313,3105,11.79,11.83,12.4,,1,,-99.0,618
18/10/24 19:05:45,080D,080D,2,-99.00,-1.0,3263,3092,11.79,11.83,12.6,,3,,-99.0,619
18/10/24 21:00:00,080D,080D,0,-99.00,-1.0,2793,2940,11.83,11.82,12.3,,0,,-99.0,620
19/10/24 01:00:00,080D,080D,0,-99.00,-1.0,2794,2947,11.82,11.82,12.8,,0,,-99.0,621
19/10/24 03:58:44,080D,080D,1,-99.00,-1.0,2994,3045,11.79,11.82,13.7,,2,,-99.0,622
19/10/24 03:58:56,080D,080D,2,-99.00,-1.0,3229,3085,11.79,11.82,13.6,,2,,-99.0,623
19/10/24 03:59:03,080D,080D,2,-99.00,-1.0,3226,3082,11.79,11.82,13.7,,1,,-99.0,624
19/10/24 04:39:15,080D,080D,1,-99.00,-1.0,2988,3040,11.81,11.82,13.7,,2,,-99.0,625
19/10/24 04:39:22,080D,080D,2,-99.00,-1.0,3249,3091,11.81,11.82,13.8,,1,,-99.0,626
19/10/24 04:39:28,080D,080D,2,-99.00,-1.0,3243,3089,11.81,11.82,13.8,,1,,-99.0,627
19/10/24 04:39:29,080D,080D,2,-99.00,-1.0,3230,3083,11.81,11.82,13.8,,3,,-99.0,628
19/10/24 05:00:00,080D,080D,0,-99.00,-1.0,2786,2934,11.83,11.82,13.8,,0,,-99.0,629
19/10/24 05:12:41,080D,080D,1,-99.00,-1.0,2986,3037,11.80,11.83,14.2,,1,,-99.0,630
19/10/24 09:00:00,080D,080D,0,-99.00,-1.0,2832,2928,11.82,11.82,13.0,,0,,-99.0,631
19/10/24 13:00:00,080D,080D,0,-99.00,-1.0,2819,2952,11.82,11.81,13.6,,0,,-99.0,632
19/10/24 17:00:00,080D,080D,0,-99.00,-1.0,2832,2918,11.83,11.82,13.4,,0,,-99.0,633
19/10/24 19:49:04,080D,080D,1,-99.00,-1.0,3014,3002,11.78,11.81,11.8,,1,,-99.0,634
19/10/24 19:49:05,080D,080D,2,-99.00,-1.0,3077,3055,11.78,11.81,11.7,,3,,-99.0,635
19/10/24 21:00:00,080D,080D,0,-99.00,-1.0,2909,2924,11.81,11.81,11.1,,0,,-99.0,636
20/10/24 01:00:00,080D,080D,0,-99.00,-1.0,2783,2939,11.80,11.81,10.9,,0,,-99.0,637
20/10/24 05:00:00,080D,080D,0,-99.00,-1.0,2774,2942,11.81,11.80,11.1,,0,,-99.0,638
20/10/24 09:00:00,080D,080D,0,-99.00,-1.0,2785,2944,11.81,11.80,11.8,,0,,-99.0,639
20/10/24 13:00:00,080D,080D,0,-99.00,-1.0,2798,2942,11.81,11.81,14.5,,0,,-99.0,640
20/10/24 17:00:00,080D,080D,0,-99.00,-1.0,2783,2939,11.82,11.81,14.2,,0,,-99.0,641
20/10/24 18:46:48,080D,080D,1,-99.00,-1.0,2955,3029,11.79,11.81,13.8,,2,,-99.0,642
20/10/24 18:46:52,080D,080D,2,-99.00,-1.0,3309,3126,11.79,11.81,13.7,,4,,-99.0,643
20/10/24 18:47:01,080D,080D,2,-99.00,-1.0,3317,3129,11.79,11.81,13.5,,1,,-99.0,644
20/10/24 18:47:03,080D,080D,2,-99.00,-1.0,3305,3124,11.79,11.81,13.6,,3,,-99.0,645
20/10/24 21:00:00,080D,080D,0,-99.00,-1.0,2794,2920,11.81,11.81,12.8,,0,,-99.0,646
21/10/24 01:00:00,080D,080D,0,-99.00,-1.0,2796,2922,11.80,11.80,11.4,,0,,-99.0,647
21/10/24 05:00:00,080D,080D,0,-99.00,-1.0,2767,2941,11.79,11.79,10.7,,0,,-99.0,648
21/10/24 09:00:00,080D,080D,0,-99.00,-1.0,2783,2965,11.79,11.79,10.9,,0,,-99.0,649
21/10/24 13:00:00,080D,080D,0,-99.00,-1.0,2851,2998,11.79,11.79,12.3,,0,,-99.0,650
21/10/24 17:00:00,080D,080D,0,-99.00,-1.0,2770,2940,11.80,11.80,12.4,,0,,-99.0,651
21/10/24 21:00:00,080D,080D,0,-99.00,-1.0,2801,2925,11.80,11.79,10.9,,0,,-99.0,652
22/10/24 01:00:00,080D,080D,0,-99.00,-1.0,2780,2939,11.79,11.78,9.7,,0,,-99.0,653
22/10/24 05:00:00,080D,080D,0,-99.00,-1.0,2769,2953,11.78,11.77,8.9,,0,,-99.0,654
22/10/24 09:00:00,080D,080D,0,-99.00,-1.0,2796,2989,11.78,11.77,9.5,,0,,-99.0,655
22/10/24 10:13:18,080D,080D,1,-99.00,-1.0,3179,3208,11.76,11.77,10.3,,2,,-99.0,656
