18/03/25 08:22:40,STARTING Spatial Logger v6.1,080D,FW,Apr 18 2024,12:28:18,5405,Err:0,10.82V,0,18h,7h
datetime,LOGGER_ID,WIRELESS_ID,motion_det,tempC,hum%,AMP1ADC,AMP2ADC,batV_L,batV_NL,int-tempC,Tag_ID,Pdir,Err,ext-tempC,Line,Comment
18/03/25 08:22:47,080D,080D,0,-99.00,-1.0,3131,3441,10.88,10.82,0.6,,0,,-99.0,0
18/03/25 12:00:00,080D,080D,0,-99.00,-1.0,1625,3072,10.99,10.98,10.6,,0,,-99.0,1
18/03/25 16:00:00,080D,080D,0,-99.00,-1.0,2616,2758,11.06,11.06,13.8,,0,,-99.0,2
18/03/25 20:00:00,080D,080D,0,-99.00,-1.0,3065,2855,11.02,11.01,6.4,,0,,-99.0,3
19/03/25 00:00:00,080D,080D,0,-99.00,-1.0,3012,2977,10.98,10.98,1.6,,0,,-99.0,4
19/03/25 04:00:00,080D,080D,0,-99.00,-1.0,2802,2959,10.96,10.96,-0.5,,0,,-99.0,5
19/03/25 08:00:00,080D,080D,0,-99.00,-1.0,2679,3019,10.95,10.95,-0.6,,0,,-99.0,6
19/03/25 08:18:08,080D,080D,1,-99.00,-1.0,3020,3239,10.89,10.95,-0.6,,1,,-99.0,7
19/03/25 08:18:37,080D,080D,1,-99.00,-1.0,3075,3272,10.89,10.95,-0.6,,1,,-99.0,8
19/03/25 08:19:00,080D,080D,1,-99.00,-1.0,3088,3289,10.87,10.90,0.1,,1,,-99.0,9
19/03/25 08:19:22,080D,080D,1,-99.00,-1.0,3098,3308,10.90,10.89,0.5,,1,,-99.0,10
19/03/25 08:19:40,080D,080D,1,-99.00,-1.0,3128,3335,10.89,10.87,0.7,,1,,-99.0,11
19/03/25 08:19:58,080D,080D,1,-99.00,-1.0,3137,3350,10.87,10.89,0.7,,1,,-99.0,12
19/03/25 08:20:16,080D,080D,1,-99.00,-1.0,3140,3361,10.86,10.88,0.7,,1,,-99.0,13
19/03/25 08:20:33,080D,080D,1,-99.00,-1.0,3140,3361,10.89,10.88,1.1,,1,,-99.0,14
19/03/25 08:20:51,080D,080D,1,-99.00,-1.0,3130,3352,10.87,10.89,1.3,,1,,-99.0,15
19/03/25 08:21:11,080D,080D,1,-99.00,-1.0,3122,3337,10.85,10.87,1.0,,1,,-99.0,16
19/03/25 08:21:32,080D,080D,1,-99.00,-1.0,3118,3333,10.79,10.83,1.7,,1,,-99.0,17
19/03/25 08:21:59,080D,080D,1,-99.00,-1.0,3114,3330,10.85,10.92,1.1,,1,,-99.0,18
19/03/25 08:22:41,080D,080D,1,-99.00,-1.0,3111,3333,10.85,10.93,1.4,,1,,-99.0,19
19/03/25 12:00:00,080D,080D,0,-99.00,-1.0,1674,3166,10.97,10.95,9.8,,0,,-99.0,20
19/03/25 16:00:00,080D,080D,0,-99.00,-1.0,2777,3144,11.04,11.04,16.7,,0,,-99.0,21
19/03/25 20:00:00,080D,080D,0,-99.00,-1.0,2813,2782,11.04,11.04,12.9,,0,,-99.0,22
20/03/25 00:00:00,080D,080D,0,-99.00,-1.0,2608,2827,11.01,11.01,9.7,,0,,-99.0,23
20/03/25 04:00:00,080D,080D,0,-99.00,-1.0,2603,2851,11.00,11.00,8.0,,0,,-99.0,24
20/03/25 08:00:00,080D,080D,0,-99.00,-1.0,2684,2989,10.99,10.99,6.5,,0,,-99.0,25
20/03/25 11:11:17,080D,080D,1,-99.00,-1.0,1636,3208,10.94,10.97,13.5,,1,,-99.0,26
20/03/25 12:00:00,080D,080D,0,-99.00,-1.0,1696,3041,11.00,10.98,15.6,,0,,-99.0,27
20/03/25 16:00:00,080D,080D,0,-99.00,-1.0,2634,2870,11.08,11.07,21.5,,0,,-99.0,28
20/03/25 20:00:00,080D,080D,0,-99.00,-1.0,3017,2807,11.03,11.03,13.1,,0,,-99.0,29
21/03/25 00:00:00,080D,080D,0,-99.00,-1.0,2601,2819,11.01,11.01,9.7,,0,,-99.0,30
21/03/25 04:00:00,080D,080D,0,-99.00,-1.0,2624,2927,11.00,11.00,8.9,,0,,-99.0,31
21/03/25 08:00:00,080D,080D,0,-99.00,-1.0,2676,2990,11.00,10.99,8.3,,0,,-99.0,32
21/03/25 12:00:00,080D,080D,0,-99.00,-1.0,2266,3267,11.01,10.99,14.9,,0,,-99.0,33
21/03/25 16:00:00,080D,080D,0,-99.00,-1.0,2622,3019,11.05,11.04,18.4,,0,,-99.0,34
21/03/25 20:00:00,080D,080D,0,-99.00,-1.0,2600,2792,11.03,11.03,14.2,,0,,-99.0,35
22/03/25 00:00:00,080D,080D,0,-99.00,-1.0,2593,2835,11.02,11.01,11.5,,0,,-99.0,36
22/03/25 04:00:00,080D,080D,0,-99.00,-1.0,2601,2815,11.00,11.00,8.9,,0,,-99.0,37
22/03/25 08:00:00,080D,080D,0,-99.00,-1.0,2810,3084,10.99,10.99,8.6,,0,,-99.0,38
22/03/25 12:00:00,080D,080D,0,-99.00,-1.0,1949,3288,11.01,10.99,15.8,,0,,-99.0,39
22/03/25 16:00:00,080D,080D,0,-99.00,-1.0,2617,2909,11.05,11.04,17.7,,0,,-99.0,40
22/03/25 20:00:00,080D,080D,0,-99.00,-1.0,2681,2774,11.02,11.02,13.2,,0,,-99.0,41
23/03/25 00:00:00,080D,080D,0,-99.00,-1.0,2592,2844,11.01,11.00,10.3,,0,,-99.0,42
23/03/25 04:00:00,080D,080D,0,-99.00,-1.0,2593,2836,10.99,10.99,8.6,,0,,-99.0,43
23/03/25 08:00:00,080D,080D,0,-99.00,-1.0,2825,3125,10.99,10.98,7.7,,0,,-99.0,44
23/03/25 12:00:00,080D,080D,0,-99.00,-1.0,2710,3429,11.01,11.00,14.6,,0,,-99.0,45
23/03/25 16:00:00,080D,080D,0,-99.00,-1.0,2578,2828,11.02,11.02,13.7,,0,,-99.0,46
23/03/25 20:00:00,080D,080D,0,-99.00,-1.0,2589,2791,11.01,11.01,11.0,,0,,-99.0,47
24/03/25 00:00:00,080D,080D,0,-99.00,-1.0,2601,2820,10.99,10.99,8.7,,0,,-99.0,48
24/03/25 04:00:00,080D,080D,0,-99.00,-1.0,2586,2854,10.97,10.97,7.0,,0,,-99.0,49
24/03/25 08:00:00,080D,080D,0,-99.00,-1.0,2607,2938,10.97,10.97,6.4,,0,,-99.0,50
24/03/25 12:00:00,080D,080D,0,-99.00,-1.0,1749,3155,10.97,10.95,10.9,,0,,-99.0,51
24/03/25 16:00:00,080D,080D,0,-99.00,-1.0,2575,2771,11.02,11.02,15.2,,0,,-99.0,52
24/03/25 20:00:00,080D,080D,0,-99.00,-1.0,2914,2811,10.99,10.99,9.3,,0,,-99.0,53
25/03/25 00:00:00,080D,080D,0,-99.00,-1.0,2640,2810,10.97,10.97,6.7,,0,,-99.0,54
25/03/25 04:00:00,080D,080D,0,-99.00,-1.0,2652,2960,10.96,10.96,5.3,,0,,-99.0,55
25/03/25 08:00:00,080D,080D,0,-99.00,-1.0,2824,3165,10.96,10.96,5.9,,0,,-99.0,56
25/03/25 12:00:00,080D,080D,0,-99.00,-1.0,2030,3154,10.97,10.96,13.4,,0,,-99.0,57
25/03/25 16:00:00,080D,080D,0,-99.00,-1.0,2561,2807,11.03,11.02,17.0,,0,,-99.0,58
25/03/25 20:00:00,080D,080D,0,-99.00,-1.0,3047,2814,11.00,11.00,11.5,,0,,-99.0,59
26/03/25 00:00:00,080D,080D,0,-99.00,-1.0,2769,2813,10.97,10.97,7.5,,0,,-99.0,60
26/03/25 04:00:00,080D,080D,0,-99.00,-1.0,2663,3000,10.96,10.95,5.6,,0,,-99.0,61
26/03/25 08:00:00,080D,080D,0,-99.00,-1.0,2781,3075,10.96,10.96,6.7,,0,,-99.0,62
26/03/25 12:00:00,080D,080D,0,-99.00,-1.0,2502,3393,10.98,10.96,14.6,,0,,-99.0,63
26/03/25 12:32:35,080D,080D,1,-99.00,-1.0,2501,3336,10.97,10.98,16.2,,1,,-99.0,64
26/03/25 12:36:44,080D,080D,1,-99.00,-1.0,2562,3347,10.95,10.99,15.6,,1,,-99.0,65
26/03/25 16:00:00,080D,080D,0,-99.00,-1.0,2642,2728,11.03,11.03,18.0,,0,,-99.0,66
26/03/25 20:00:00,080D,080D,0,-99.00,-1.0,3132,2829,10.99,10.99,11.8,,0,,-99.0,67
27/03/25 00:00:00,080D,080D,0,-99.00,-1.0,2791,2806,10.97,10.97,8.1,,0,,-99.0,68
27/03/25 04:00:00,080D,080D,0,-99.00,-1.0,2748,2917,10.95,10.95,5.9,,0,,-99.0,69
27/03/25 08:00:00,080D,080D,0,-99.00,-1.0,2819,3158,10.95,10.95,6.1,,0,,-99.0,70
27/03/25 12:00:00,080D,080D,0,-99.00,-1.0,2210,3171,10.95,10.95,11.5,,0,,-99.0,71
27/03/25 16:00:00,080D,080D,0,-99.00,-1.0,2562,2880,11.01,11.01,16.0,,0,,-99.0,72
27/03/25 20:00:00,080D,080D,0,-99.00,-1.0,2668,2782,10.99,10.98,11.7,,0,,-99.0,73
28/03/25 00:00:00,080D,080D,0,-99.00,-1.0,2614,2813,10.97,10.97,9.3,,0,,-99.0,74
28/03/25 04:00:00,080D,080D,0,-99.00,-1.0,2602,2923,10.96,10.96,8.7,,0,,-99.0,75
28/03/25 08:00:00,080D,080D,0,-99.00,-1.0,2620,2979,10.97,10.96,9.5,,0,,-99.0,76
28/03/25 12:00:00,080D,080D,0,-99.00,-1.0,2020,3059,10.97,10.95,15.1,,0,,-99.0,77
28/03/25 16:00:00,080D,080D,0,-99.00,-1.0,2884,2749,11.01,11.01,16.0,,0,,-99.0,78
28/03/25 20:00:00,080D,080D,0,-99.00,-1.0,3300,2873,10.97,10.96,8.9,,0,,-99.0,79
29/03/25 00:00:00,080D,080D,0,-99.00,-1.0,3080,2947,10.93,10.93,5.0,,0,,-99.0,80
29/03/25 04:00:00,080D,080D,0,-99.00,-1.0,2840,2929,10.92,10.92,3.0,,0,,-99.0,81
29/03/25 08:00:00,080D,080D,0,-99.00,-1.0,2780,3088,10.92,10.91,2.9,,0,,-99.0,82
29/03/25 12:00:00,080D,080D,0,-99.00,-1.0,2458,3358,10.94,10.93,12.0,,0,,-99.0,83
29/03/25 12:26:58,080D,080D,1,-99.00,-1.0,1665,3037,10.89,10.93,14.1,,1,,-99.0,84
29/03/25 16:00:00,080D,080D,0,-99.00,-1.0,2622,2734,10.99,10.99,15.9,,0,,-99.0,85
29/03/25 20:00:00,080D,080D,0,-99.00,-1.0,2873,2797,10.97,10.96,11.4,,0,,-99.0,86
30/03/25 00:00:00,080D,080D,0,-99.00,-1.0,2615,2831,10.95,10.95,9.9,,0,,-99.0,87
30/03/25 04:00:00,080D,080D,0,-99.00,-1.0,2711,2803,10.95,10.94,8.6,,0,,-99.0,88
30/03/25 08:00:00,080D,080D,0,-99.00,-1.0,2669,3063,10.94,10.93,7.6,,0,,-99.0,89
30/03/25 12:00:00,080D,080D,0,-99.00,-1.0,2643,3280,10.97,10.95,15.9,,0,,-99.0,90
30/03/25 14:46:10,080D,080D,1,-99.00,-1.0,2473,3085,10.95,10.99,20.3,,1,,-99.0,91
30/03/25 16:00:00,080D,080D,0,-99.00,-1.0,3186,2777,11.01,11.01,19.2,,0,,-99.0,92
30/03/25 20:00:00,080D,080D,0,-99.00,-1.0,3328,2860,10.96,10.95,11.4,,0,,-99.0,93
31/03/25 00:00:00,080D,080D,0,-99.00,-1.0,3052,2832,10.93,10.93,6.9,,0,,-99.0,94
31/03/25 04:00:00,080D,080D,0,-99.00,-1.0,2887,2925,10.92,10.91,4.7,,0,,-99.0,95
31/03/25 08:00:00,080D,080D,0,-99.00,-1.0,2782,3073,10.91,10.91,4.7,,0,,-99.0,96
31/03/25 12:00:00,080D,080D,0,-99.00,-1.0,2572,3337,10.95,10.94,15.7,,0,,-99.0,97
31/03/25 16:00:00,080D,080D,0,-99.00,-1.0,3132,2755,11.01,11.00,19.7,,0,,-99.0,98
31/03/25 20:00:00,080D,080D,0,-99.00,-1.0,3360,2882,10.96,10.96,12.3,,0,,-99.0,99
01/04/25 00:00:00,080D,080D,0,-99.00,-1.0,3143,2850,10.93,10.92,7.7,,0,,-99.0,100
01/04/25 04:00:00,080D,080D,0,-99.00,-1.0,3147,2964,10.90,10.90,4.1,,0,,-99.0,101
01/04/25 08:00:00,080D,080D,0,-99.00,-1.0,2798,3136,10.90,10.90,4.2,,0,,-99.0,102
01/04/25 12:00:00,080D,080D,0,-99.00,-1.0,2646,3362,10.94,10.92,14.4,,0,,-99.0,103
01/04/25 14:45:41,080D,080D,1,-99.00,-1.0,2356,3068,10.95,10.96,19.1,,2,,-99.0,104
01/04/25 16:00:00,080D,080D,0,-99.00,-1.0,3107,2770,10.99,10.99,17.7,,0,,-99.0,105
01/04/25 20:00:00,080D,080D,0,-99.00,-1.0,3346,2892,10.94,10.94,10.3,,0,,-99.0,106
02/04/25 00:00:00,080D,080D,0,-99.00,-1.0,3251,2974,10.91,10.91,5.5,,0,,-99.0,107
02/04/25 04:00:00,080D,080D,0,-99.00,-1.0,2976,2949,10.90,10.89,3.3,,0,,-99.0,108
02/04/25 08:00:00,080D,080D,0,-99.00,-1.0,2666,3033,10.89,10.89,3.3,,0,,-99.0,109
02/04/25 12:00:00,080D,080D,0,-99.00,-1.0,2363,3298,10.94,10.92,15.0,,0,,-99.0,110
02/04/25 16:00:00,080D,080D,0,-99.00,-1.0,3007,2764,10.99,10.99,18.5,,0,,-99.0,111
02/04/25 20:00:00,080D,080D,0,-99.00,-1.0,3308,2870,10.95,10.95,12.1,,0,,-99.0,112
03/04/25 00:00:00,080D,080D,0,-99.00,-1.0,3072,2842,10.92,10.92,7.6,,0,,-99.0,113
03/04/25 04:00:00,080D,080D,0,-99.00,-1.0,2884,2933,10.90,10.90,5.3,,0,,-99.0,114
03/04/25 08:00:00,080D,080D,0,-99.00,-1.0,2660,3025,10.90,10.90,5.3,,0,,-99.0,115
03/04/25 12:00:00,080D,080D,0,-99.00,-1.0,2478,3235,10.95,10.94,17.1,,0,,-99.0,116
03/04/25 16:00:00,080D,080D,0,-99.00,-1.0,2874,2723,10.99,11.00,20.7,,0,,-99.0,117
03/04/25 20:00:00,080D,080D,0,-99.00,-1.0,3187,2823,10.96,10.95,14.9,,0,,-99.0,118
04/04/25 00:00:00,080D,080D,0,-99.00,-1.0,2733,2790,10.94,10.94,11.7,,0,,-99.0,119
04/04/25 04:00:00,080D,080D,0,-99.00,-1.0,2697,2814,10.92,10.92,8.9,,0,,-99.0,120
04/04/25 08:00:00,080D,080D,0,-99.00,-1.0,2630,2967,10.92,10.91,8.6,,0,,-99.0,121
04/04/25 11:09:57,080D,080D,1,-99.00,-1.0,2286,3201,10.90,10.92,16.5,,2,,-99.0,122
04/04/25 11:16:16,080D,080D,1,-99.00,-1.0,2121,3084,10.90,10.92,16.7,,1,,-99.0,123
04/04/25 12:00:00,080D,080D,0,-99.00,-1.0,2647,3133,10.96,10.95,18.0,,0,,-99.0,124
04/04/25 13:07:46,080D,080D,1,-99.00,-1.0,2803,3085,10.92,10.96,18.2,,1,,-99.0,125
04/04/25 16:00:00,080D,080D,0,-99.00,-1.0,2623,2716,10.99,10.99,21.2,,0,,-99.0,126
04/04/25 20:00:00,080D,080D,0,-99.00,-1.0,3219,2818,10.96,10.96,15.7,,0,,-99.0,127
05/04/25 00:00:00,080D,080D,0,-99.00,-1.0,3301,2876,10.92,10.92,9.3,,0,,-99.0,128
05/04/25 04:00:00,080D,080D,0,-99.00,-1.0,2896,2936,10.89,10.89,5.9,,0,,-99.0,129
05/04/25 08:00:00,080D,080D,0,-99.00,-1.0,2618,2950,10.89,10.89,6.4,,0,,-99.0,130
05/04/25 10:47:58,080D,080D,1,-99.00,-1.0,1667,2936,10.86,10.89,12.8,,1,,-99.0,131
05/04/25 12:00:00,080D,080D,0,-99.00,-1.0,2587,3187,10.94,10.93,15.7,,0,,-99.0,132
05/04/25 16:00:00,080D,080D,0,-99.00,-1.0,3035,2759,10.97,10.97,19.4,,0,,-99.0,133
05/04/25 20:00:00,080D,080D,0,-99.00,-1.0,3364,2878,10.93,10.93,12.2,,0,,-99.0,134
06/04/25 00:00:00,080D,080D,0,-99.00,-1.0,3302,2896,10.89,10.89,6.3,,0,,-99.0,135
06/04/25 04:00:00,080D,080D,0,-99.00,-1.0,3217,2989,10.87,10.87,3.2,,0,,-99.0,136
06/04/25 08:00:00,080D,080D,0,-99.00,-1.0,2669,3028,10.87,10.87,3.4,,0,,-99.0,137
06/04/25 12:00:00,080D,080D,0,-99.00,-1.0,2565,3193,10.92,10.92,15.1,,0,,-99.0,138
06/04/25 16:00:00,080D,080D,0,-99.00,-1.0,3089,2759,10.97,10.97,18.6,,0,,-99.0,139
06/04/25 20:00:00,080D,080D,0,-99.00,-1.0,3358,2879,10.92,10.92,11.4,,0,,-99.0,140
07/04/25 00:00:00,080D,080D,0,-99.00,-1.0,3402,3015,10.89,10.89,5.9,,0,,-99.0,141
07/04/25 04:00:00,080D,080D,0,-99.00,-1.0,3245,2992,10.87,10.87,3.0,,0,,-99.0,142
07/04/25 07:12:21,080D,080D,1,-99.00,-1.0,2962,3026,10.79,10.86,1.9,,1,,-99.0,143
07/04/25 07:30:08,080D,080D,1,-99.00,-1.0,2886,3034,10.80,10.86,2.7,,2,,-99.0,144
07/04/25 07:30:22,080D,080D,2,-99.00,-1.0,3312,3402,10.80,10.86,1.9,,2,,-99.0,145
07/04/25 07:30:31,080D,080D,2,-99.00,-1.0,3306,3410,10.80,10.86,2.0,,2,,-99.0,146
07/04/25 07:31:53,080D,080D,1,-99.00,-1.0,2883,3039,10.78,10.85,3.0,,1,,-99.0,147
07/04/25 07:32:04,080D,080D,2,-99.00,-1.0,3298,3395,10.78,10.85,2.5,,1,,-99.0,148
07/04/25 08:00:00,080D,080D,0,-99.00,-1.0,2691,2970,10.85,10.85,2.8,,0,,-99.0,149
07/04/25 12:00:00,080D,080D,0,-99.00,-1.0,2598,3202,10.91,10.90,14.4,,0,,-99.0,150
07/04/25 16:00:00,080D,080D,0,-99.00,-1.0,3127,2766,10.95,10.95,17.7,,0,,-99.0,151
07/04/25 20:00:00,080D,080D,0,-99.00,-1.0,3361,2881,10.91,10.91,10.8,,0,,-99.0,152
08/04/25 00:00:00,080D,080D,0,-99.00,-1.0,3268,2884,10.88,10.89,6.2,,0,,-99.0,153
08/04/25 04:00:00,080D,080D,0,-99.00,-1.0,3251,2987,10.87,10.86,3.4,,0,,-99.0,154
08/04/25 08:00:00,080D,080D,0,-99.00,-1.0,2686,2965,10.86,10.85,3.1,,0,,-99.0,155
08/04/25 12:00:00,080D,080D,0,-99.00,-1.0,2539,3150,10.90,10.90,14.9,,0,,-99.0,156
08/04/25 16:00:00,080D,080D,0,-99.00,-1.0,2825,2724,10.95,10.95,17.6,,0,,-99.0,157
08/04/25 20:00:00,080D,080D,0,-99.00,-1.0,3368,2892,10.91,10.91,10.8,,0,,-99.0,158
09/04/25 00:00:00,080D,080D,0,-99.00,-1.0,3216,2865,10.88,10.88,6.5,,0,,-99.0,159
09/04/25 04:00:00,080D,080D,0,-99.00,-1.0,3205,2974,10.87,10.86,3.9,,0,,-99.0,160
09/04/25 08:00:00,080D,080D,0,-99.00,-1.0,2661,2987,10.85,10.85,3.6,,0,,-99.0,161
09/04/25 12:00:00,080D,080D,0,-99.00,-1.0,2494,3147,10.89,10.88,13.1,,0,,-99.0,162
09/04/25 16:00:00,080D,080D,0,-99.00,-1.0,3115,2762,10.94,10.94,17.2,,0,,-99.0,163
09/04/25 20:00:00,080D,080D,0,-99.00,-1.0,3366,2892,10.90,10.90,10.2,,0,,-99.0,164
10/04/25 00:00:00,080D,080D,0,-99.00,-1.0,3358,3002,10.87,10.87,5.2,,0,,-99.0,165
10/04/25 04:00:00,080D,080D,0,-99.00,-1.0,2860,2931,10.85,10.85,3.5,,0,,-99.0,166
10/04/25 08:00:00,080D,080D,0,-99.00,-1.0,2657,3059,10.86,10.86,5.5,,0,,-99.0,167
10/04/25 12:00:00,080D,080D,0,-99.00,-1.0,2535,3099,10.90,10.90,14.3,,0,,-99.0,168
10/04/25 16:00:00,080D,080D,0,-99.00,-1.0,3038,2751,10.94,10.94,17.4,,0,,-99.0,169
10/04/25 20:00:00,080D,080D,0,-99.00,-1.0,3315,2857,10.90,10.90,11.1,,0,,-99.0,170
11/04/25 00:00:00,080D,080D,0,-99.00,-1.0,2941,2814,10.88,10.88,7.9,,0,,-99.0,171
11/04/25 04:00:00,080D,080D,0,-99.00,-1.0,2801,2805,10.88,10.87,6.9,,0,,-99.0,172
11/04/25 08:00:00,080D,080D,0,-99.00,-1.0,2623,2924,10.87,10.87,6.9,,0,,-99.0,173
11/04/25 12:00:00,080D,080D,0,-99.00,-1.0,2436,2980,10.93,10.92,18.7,,0,,-99.0,174
11/04/25 16:00:00,080D,080D,0,-99.00,-1.0,3095,2727,10.97,10.96,22.3,,0,,-99.0,175
11/04/25 20:00:00,080D,080D,0,-99.00,-1.0,3364,2872,10.92,10.92,14.7,,0,,-99.0,176
12/04/25 00:00:00,080D,080D,0,-99.00,-1.0,3134,2827,10.89,10.89,10.3,,0,,-99.0,177
12/04/25 04:00:00,080D,080D,0,-99.00,-1.0,3114,2836,10.87,10.87,7.5,,0,,-99.0,178
12/04/25 08:00:00,080D,080D,0,-99.00,-1.0,2619,2913,10.87,10.87,7.3,,0,,-99.0,179
12/04/25 12:00:00,080D,080D,0,-99.00,-1.0,2354,2950,10.93,10.92,19.7,,0,,-99.0,180
12/04/25 12:09:57,080D,080D,1,-99.00,-1.0,2446,3008,10.91,10.93,20.5,,2,,-99.0,181
12/04/25 16:00:00,080D,080D,0,-99.00,-1.0,3117,2731,10.96,10.96,23.0,,0,,-99.0,182
12/04/25 20:00:00,080D,080D,0,-99.00,-1.0,3274,2811,10.93,10.93,17.0,,0,,-99.0,183
13/04/25 00:00:00,080D,080D,0,-99.00,-1.0,3317,2864,10.90,10.90,12.2,,0,,-99.0,184
13/04/25 04:00:00,080D,080D,0,-99.00,-1.0,3100,2837,10.88,10.87,9.5,,0,,-99.0,185
13/04/25 08:00:00,080D,080D,0,-99.00,-1.0,2657,2840,10.87,10.87,8.6,,0,,-99.0,186
13/04/25 12:00:00,080D,080D,0,-99.00,-1.0,2552,2847,10.90,10.89,14.3,,0,,-99.0,187
13/04/25 16:00:00,080D,080D,0,-99.00,-1.0,2582,2742,10.91,10.91,15.7,,0,,-99.0,188
13/04/25 17:52:39,080D,080D,1,-99.00,-1.0,2975,2850,10.87,10.90,14.0,,2,,-99.0,189
13/04/25 20:00:00,080D,080D,0,-99.00,-1.0,3337,2875,10.89,10.89,11.1,,0,,-99.0,190
14/04/25 00:00:00,080D,080D,0,-99.00,-1.0,3171,2855,10.86,10.86,6.9,,0,,-99.0,191
14/04/25 04:00:00,080D,080D,0,-99.00,-1.0,3015,2942,10.85,10.84,5.1,,0,,-99.0,192
14/04/25 08:00:00,080D,080D,0,-99.00,-1.0,2678,3055,10.84,10.84,5.6,,0,,-99.0,193
14/04/25 12:00:00,080D,080D,0,-99.00,-1.0,2513,3004,10.89,10.89,14.6,,0,,-99.0,194
14/04/25 16:00:00,080D,080D,0,-99.00,-1.0,2586,2760,10.90,10.90,15.2,,0,,-99.0,195
14/04/25 20:00:00,080D,080D,0,-99.00,-1.0,3205,2827,10.89,10.89,12.0,,0,,-99.0,196
15/04/25 00:00:00,080D,080D,0,-99.00,-1.0,2843,2794,10.87,10.87,9.5,,0,,-99.0,197
15/04/25 04:00:00,080D,080D,0,-99.00,-1.0,2757,2802,10.86,10.86,8.4,,0,,-99.0,198
15/04/25 08:00:00,080D,080D,0,-99.00,-1.0,2608,2859,10.86,10.85,9.1,,0,,-99.0,199
15/04/25 12:00:00,080D,080D,0,-99.00,-1.0,2553,2857,10.88,10.88,12.8,,0,,-99.0,200
15/04/25 16:00:00,080D,080D,0,-99.00,-1.0,2558,2811,10.89,10.89,14.7,,0,,-99.0,201
15/04/25 20:00:00,080D,080D,0,-99.00,-1.0,2788,2777,10.88,10.88,12.4,,0,,-99.0,202
16/04/25 00:00:00,080D,080D,0,-99.00,-1.0,2886,2795,10.87,10.87,10.2,,0,,-99.0,203
16/04/25 04:00:00,080D,080D,0,-99.00,-1.0,2912,2818,10.85,10.85,7.6,,0,,-99.0,204
16/04/25 08:00:00,080D,080D,0,-99.00,-1.0,2617,2912,10.85,10.84,7.2,,0,,-99.0,205
16/04/25 12:00:00,080D,080D,0,-99.00,-1.0,2267,2961,10.85,10.85,12.8,,0,,-99.0,206
16/04/25 16:00:00,080D,080D,0,-99.00,-1.0,2914,2747,10.90,10.90,15.8,,0,,-99.0,207
16/04/25 20:00:00,080D,080D,0,-99.00,-1.0,3324,2880,10.87,10.86,10.6,,0,,-99.0,208
17/04/25 00:00:00,080D,080D,0,-99.00,-1.0,3231,2875,10.84,10.84,6.8,,0,,-99.0,209
17/04/25 04:00:00,080D,080D,0,-99.00,-1.0,3059,2947,10.83,10.83,4.8,,0,,-99.0,210
17/04/25 08:00:00,080D,080D,0,-99.00,-1.0,2674,2990,10.82,10.82,5.1,,0,,-99.0,211
17/04/25 12:00:00,080D,080D,0,-99.00,-1.0,2376,2930,10.88,10.87,16.5,,0,,-99.0,212
17/04/25 13:55:28,080D,080D,1,-99.00,-1.0,2772,2817,10.85,10.90,18.8,,1,,-99.0,213
17/04/25 16:00:00,080D,080D,0,-99.00,-1.0,2812,2735,10.90,10.90,17.0,,0,,-99.0,214
17/04/25 20:00:00,080D,080D,0,-99.00,-1.0,3356,2874,10.87,10.87,12.2,,0,,-99.0,215
18/04/25 00:00:00,080D,080D,0,-99.00,-1.0,3153,2849,10.84,10.84,8.1,,0,,-99.0,216
18/04/25 04:00:00,080D,080D,0,-99.00,-1.0,2904,2826,10.83,10.82,6.2,,0,,-99.0,217
18/04/25 08:00:00,080D,080D,0,-99.00,-1.0,2641,3004,10.83,10.83,8.1,,0,,-99.0,218
18/04/25 12:00:00,080D,080D,0,-99.00,-1.0,2564,2861,10.87,10.87,13.9,,0,,-99.0,219
18/04/25 15:56:13,080D,080D,1,-99.00,-1.0,2724,2910,10.85,10.88,15.2,,2,,-99.0,220
18/04/25 16:00:00,080D,080D,0,-99.00,-1.0,2587,2776,10.88,10.87,15.9,,0,,-99.0,221
18/04/25 20:00:00,080D,080D,0,-99.00,-1.0,2910,2792,10.86,10.86,12.3,,0,,-99.0,222
19/04/25 00:00:00,080D,080D,0,-99.00,-1.0,2724,2795,10.85,10.85,10.9,,0,,-99.0,223
19/04/25 04:00:00,080D,080D,0,-99.00,-1.0,2752,2798,10.84,10.84,9.7,,0,,-99.0,224
19/04/25 06:35:23,080D,080D,1,-99.00,-1.0,2808,2933,10.80,10.84,9.1,,1,,-99.0,225
19/04/25 06:35:40,080D,080D,1,-99.00,-1.0,2934,3066,10.77,10.79,9.8,,2,,-99.0,226
19/04/25 06:35:50,080D,080D,2,-99.00,-1.0,3119,3132,10.77,10.79,9.8,,2,,-99.0,227
19/04/25 06:36:10,080D,080D,1,-99.00,-1.0,2868,2999,10.78,10.79,9.7,,1,,-99.0,228
19/04/25 08:00:00,080D,080D,0,-99.00,-1.0,2617,2850,10.84,10.84,9.7,,0,,-99.0,229
19/04/25 11:52:31,080D,080D,1,-99.00,-1.0,2653,2981,10.82,10.86,14.6,,1,,-99.0,230
19/04/25 12:00:00,080D,080D,0,-99.00,-1.0,2552,2902,10.86,10.85,15.2,,0,,-99.0,231
19/04/25 15:14:00,080D,080D,1,-99.00,-1.0,2672,2878,10.87,10.89,19.9,,2,,-99.0,232
19/04/25 16:00:00,080D,080D,0,-99.00,-1.0,3000,2742,10.89,10.89,19.0,,0,,-99.0,233
19/04/25 20:00:00,080D,080D,0,-99.00,-1.0,3242,2827,10.86,10.86,12.9,,0,,-99.0,234
20/04/25 00:00:00,080D,080D,0,-99.00,-1.0,3215,2850,10.83,10.83,8.3,,0,,-99.0,235
20/04/25 04:00:00,080D,080D,0,-99.00,-1.0,2825,2818,10.82,10.82,6.5,,0,,-99.0,236
20/04/25 08:00:00,080D,080D,0,-99.00,-1.0,2613,2893,10.82,10.81,7.0,,0,,-99.0,237
20/04/25 12:00:00,080D,080D,0,-99.00,-1.0,2357,2920,10.86,10.85,16.2,,0,,-99.0,238
20/04/25 16:00:00,080D,080D,0,-99.00,-1.0,3050,2771,10.88,10.87,16.8,,0,,-99.0,239
20/04/25 20:00:00,080D,080D,0,-99.00,-1.0,3209,2823,10.85,10.85,13.1,,0,,-99.0,240
21/04/25 00:00:00,080D,080D,0,-99.00,-1.0,2915,2800,10.84,10.84,10.7,,0,,-99.0,241
21/04/25 04:00:00,080D,080D,0,-99.00,-1.0,2769,2797,10.83,10.83,9.8,,0,,-99.0,242
21/04/25 08:00:00,080D,080D,0,-99.00,-1.0,2655,2826,10.82,10.82,9.6,,0,,-99.0,243
21/04/25 12:00:00,080D,080D,0,-99.00,-1.0,2597,2798,10.84,10.84,11.8,,0,,-99.0,244
21/04/25 13:31:39,080D,080D,1,-99.00,-1.0,2751,2939,10.82,10.84,11.6,,2,,-99.0,245
21/04/25 16:00:00,080D,080D,0,-99.00,-1.0,2566,2818,10.85,10.84,14.2,,0,,-99.0,246
21/04/25 20:00:00,080D,080D,0,-99.00,-1.0,3023,2799,10.84,10.84,12.2,,0,,-99.0,247
22/04/25 00:00:00,080D,080D,0,-99.00,-1.0,3019,2817,10.82,10.82,8.7,,0,,-99.0,248
22/04/25 04:00:00,080D,080D,0,-99.00,-1.0,2870,2817,10.80,10.80,7.1,,0,,-99.0,249
22/04/25 08:00:00,080D,080D,0,-99.00,-1.0,2626,2991,10.81,10.80,8.2,,0,,-99.0,250
22/04/25 10:05:19,080D,080D,1,-99.00,-1.0,2346,2957,10.77,10.80,13.0,,1,,-99.0,251
22/04/25 10:05:20,080D,080D,2,-99.00,-1.0,2432,2978,10.77,10.80,12.5,,3,,-99.0,252
22/04/25 10:05:26,080D,080D,2,-99.00,-1.0,2433,3030,10.77,10.80,12.8,,2,,-99.0,253
22/04/25 10:05:30,080D,080D,2,-99.00,-1.0,2437,3034,10.77,10.80,12.9,,4,,-99.0,254
22/04/25 10:05:36,080D,080D,2,-99.00,-1.0,2433,3040,10.77,10.80,12.8,,4,,-99.0,255
22/04/25 10:05:44,080D,080D,2,-99.00,-1.0,2421,3037,10.77,10.80,12.5,,4,,-99.0,256
22/04/25 10:06:20,080D,080D,1,-99.00,-1.0,2391,2955,10.76,10.80,13.7,,3,,-99.0,257
22/04/25 10:06:20,080D,080D,2,-99.00,-1.0,2450,2978,10.76,10.80,13.2,,3,,-99.0,258
22/04/25 10:06:39,080D,080D,1,-99.00,-1.0,2363,2982,10.79,10.76,13.1,,2,,-99.0,259
